0.249
0.540
0.864
0.505
0.508
0.593
0.390
0.534
0.517
0.523
0.459
0.549
0.374
1.072
0.406
0.343
0.383
0.495
0.766
0.320
0.459
0.305
0.442
0.332
0.570
1.050
0.464
0.382
0.437
0.351
0.492
0.473
0.499
0.338
0.428
0.433
0.721
0.507
0.452
0.356
0.321
0.317
0.303
0.291
0.343
0.306
0.309
0.292
0.344
0.342
0.294
0.259
0.306
0.359
0.334
0.304
0.227
0.218
0.213
0.352
0.333
0.321
0.222
0.211
0.190
0.268
0.202
0.348
0.440
0.232
0.196
0.210
0.404
0.211
0.217
0.210
0.216
0.348
0.261
0.252
0.216
0.263
0.461
0.334
0.317
0.097
0.113
0.089
0.052
0.217
0.287
0.305
0.470
0.223
0.200
0.238
0.190
0.162
0.185
0.088
0.082
0.191
1.333
0.835
1.172
0.723
1.014
1.036
0.491
0.835
0.995
0.752
1.041
0.751
0.920
0.598
0.437
0.499
0.404
0.592
0.921
0.660
0.396
1.323
0.498
1.149
1.208
0.818
0.898
0.640
0.886
0.502
0.616
1.127
0.732
0.499
0.574
0.498
0.942
0.592
0.482
0.456
0.415
0.624
0.500
0.424
0.379
0.473
0.469
0.405
0.218
0.492
0.383
0.888
0.322
0.334
0.423
0.268
0.326
0.553
0.327
0.906
0.229
0.631
0.544
0.445
1.628
1.088
0.696
0.595
0.700
1.121
0.615
0.769
0.533
0.679
0.692
0.270
0.406
0.241
0.281
0.551
0.519
0.468
0.289
0.472
0.264
0.301
0.282
0.380
0.522
0.698
0.493
0.287
0.257
0.275
0.251
0.187
0.497
0.160
0.242
0.203
0.189
0.314
0.330
0.381
0.184
0.490
0.164
0.327
0.510
0.318
0.581
0.361
0.498
0.344
0.444
0.262
0.293
0.371
0.463
0.737
0.475
0.692
0.683
0.386
0.328
0.636
0.697
1.197
0.584
1.113
0.896
0.796
0.808
1.128
0.789
1.024
0.817
0.728
0.730
0.514
0.491
0.583
0.705
0.752
0.794
0.844
0.810
0.549
0.776
0.476
0.971
0.816
0.527
2.055
0.782
0.657
0.845
0.727
0.752
0.988
0.755
0.704
0.527
0.590
0.662
0.852
1.451
0.621
0.541
0.558
0.499
0.462
0.531
0.564
1.648
0.602
0.627
1.218
0.538
1.582
0.514
1.049
0.821
1.756
0.625
2.097
1.001
1.196
0.670
0.715
0.785
0.517
1.043
0.597
0.509
1.315
0.619
0.455
1.240
1.189
0.679
1.078
1.340
0.812
1.143
0.644
0.703
0.758
0.870
0.558
0.534
0.680
0.612
0.550
0.519
0.713
0.843
0.614
0.740
0.634
0.555
0.509
0.532
0.416
1.207
0.579
0.563
0.521
0.410
0.549
0.489
0.439
0.540
0.510
1.319
2.082
0.588
0.771
0.750
0.615
0.577
0.632
0.620
0.946
0.545
0.540
0.500
0.342
0.406
0.408
0.882
0.942
0.828
0.700
1.005
1.103
0.799
0.584
0.702
0.515
0.499
1.282
1.076
0.862
0.940
0.630
0.840
0.699
0.360
0.416
0.327
0.323
0.977
0.298
0.727
0.696
0.857
1.021
0.735
0.735
0.778
0.576
0.547
0.860
0.601
0.533
1.175
1.133
0.612
0.814
0.555
0.639
0.918
0.850
0.546
0.593
0.589
0.616
0.505
0.495
0.532
0.545
0.824
0.814
0.540
0.560
1.153
1.106
0.885
1.101
0.708
0.780
0.615
1.315
0.964
0.826
0.987
0.549
0.778
1.080
0.979
0.836
0.503
0.763
0.603
1.680
1.472
1.378
1.516
0.815
1.317
1.322
1.260
1.295
1.003
1.309
1.528
0.692
0.829
0.789
0.740
0.730
0.778
0.550
1.017
0.639
0.638
0.520
0.543
0.520
1.112
1.184
0.874
0.957
1.272
0.918
1.160
0.518
0.543
1.320
1.848
1.528
1.310
1.760
0.765
1.464
1.416
0.741
0.695
1.297
0.644
0.980
0.973
0.968
1.009
0.961
0.767
0.601
0.998
0.432
0.525
0.487
0.361
0.415
0.494
0.804
0.618
0.618
2.913
1.661
1.217
1.315
0.742
1.176
1.361
1.328
1.220
2.644
1.605
1.092
0.683
0.739
0.519
1.157
0.704
0.724
0.766
0.419
0.710
0.464
1.291
1.126
0.588
0.518
1.380
0.254
0.705
0.362
0.860
0.445
0.572
1.227
1.725
1.095
1.075
0.730
1.362
0.970
1.381
1.152
0.625
0.700
1.134
0.843
1.014
0.992
0.775
0.907
0.768
0.491
0.553
1.066
0.906
0.708
0.637
0.621
0.786
0.427
0.677
0.440
0.543
0.549
0.368
0.552
0.316
0.310
0.587
0.472
0.948
0.425
0.441
0.624
0.637
0.472
0.687
0.679
0.395
0.588
0.872
0.291
0.297
0.817
0.500
1.095
1.161
0.661
0.860
1.276
0.320
0.774
0.359
0.469
0.683
0.571
0.371
0.559
0.541
0.486
0.832
0.469
0.377
0.397
0.454
0.382
0.480
0.421
0.627
0.420
0.557
0.388
0.455
0.349
0.311
0.374
0.282
0.670
0.495
0.436
0.481
0.403
0.737
0.291
0.589
0.670
0.555
0.506
0.692
0.458
0.625
0.696
0.566
0.334
0.450
0.505
0.584
0.466
0.392
0.389
0.425
0.697
0.368
0.551
0.616
0.535
0.372
0.388
0.686
0.248
0.269
0.622
0.654
0.543
0.242
0.349
0.258
0.240
0.366
0.637
0.468
0.728
0.307
0.230
0.377
1.246
0.256
0.353
0.458
0.240
0.626
0.202
0.593
0.688
0.754
0.673
0.517
0.851
0.482
0.597
0.624
0.908
0.632
0.634
0.428
0.702
0.987
0.389
0.721
0.613
0.575
1.301
0.545
0.396
0.687
0.738
0.732
0.545
0.653
0.411
1.068
1.130
0.726
0.574
0.616
0.949
0.569
0.850
0.658
0.755
0.875
0.742
0.548
0.828
0.434
1.021
0.803
0.864
0.677
0.772
1.408
1.012
0.810
0.806
0.991
0.563
1.051
0.894
0.729
0.647
0.766
0.619
0.961
0.656
1.358
0.802
1.057
1.012
0.979
0.661
0.578
0.678
0.546
1.113
0.750
0.789
0.639
0.885
0.506
0.659
1.255
1.529
1.238
0.823
1.213
0.771
0.972
0.800
0.609
2.122
1.106
0.753
0.536
0.864
0.724
1.173
0.971
0.852
0.523
0.588
0.686
0.772
0.468
0.850
0.705
0.677
0.616
0.530
0.236
0.684
0.667
0.739
0.596
0.541
0.624
0.402
0.873
0.897
0.974
0.551
0.585
0.701
0.713
0.770
0.876
0.990
0.385
0.731
0.535
0.605
0.755
0.602
1.199
1.085
0.758
0.819
0.750
0.625
1.148
0.560
0.642
0.543
0.514
0.459
0.563
0.799
0.747
0.661
0.812
0.628
0.399
1.309
0.576
0.500
0.400
0.547
0.411
0.546
0.403
0.261
0.664
0.887
0.807
0.573
0.575
0.323
0.980
0.581
0.330
0.351
0.248
0.866
0.459
0.492
0.701
0.465
0.603
0.626
0.519
0.486
0.442
0.319
0.566
0.547
0.701
0.551
0.425
0.399
0.982
0.822
0.536
0.544
0.629
0.946
0.678
0.575
0.820
0.367
0.805
0.760
0.594
0.528
0.367
0.577
0.385
0.622
0.366
0.244
0.577
0.523
0.352
0.417
0.215
0.201
0.501
0.519
0.554
0.387
0.299
0.615
0.672
0.522
0.544
0.625
0.268
0.673
0.450
0.436
0.404
0.437
0.528
2.142
1.931
1.975
2.571
1.860
1.724
1.152
1.320
1.389
2.265
1.003
2.041
2.219
1.875
1.478
1.676
4.408
1.762
1.276
2.136
1.323
0.964
1.200
1.837
0.977
1.399
1.588
1.348
0.849
1.089
1.750
1.505
2.179
1.914
1.349
1.850
1.747
1.375
1.088
1.096
1.370
1.038
1.347
1.925
1.521
1.148
1.157
1.207
1.090
1.261
1.412
2.190
1.689
1.891
2.100
1.840
1.446
1.608
1.667
1.284
1.111
1.129
1.758
0.928
1.812
1.447
1.142
1.173
1.476
1.381
1.186
0.876
1.194
3.052
1.315
1.730
1.210
1.154
1.230
1.642
0.727
1.686
1.392
1.394
1.000
0.994
1.308
1.744
1.139
1.954
0.751
1.163
1.045
2.362
0.968
1.099
0.984
0.836
1.941
0.658
3.090
1.725
1.657
1.442
1.795
1.562
1.321
2.094
1.493
1.503
1.636
1.664
2.832
2.096
1.854
2.083
1.955
1.742
1.120
1.457
2.211
1.728
1.659
1.191
1.221
4.466
1.582
1.007
0.922
1.473
1.545
1.341
3.442
1.336
1.737
0.987
1.708
1.282
1.126
1.686
1.281
1.378
1.413
1.105
1.094
1.100
1.082
1.555
0.767
1.910
1.758
1.489
1.926
1.475
2.168
1.643
1.548
1.374
1.107
0.994
2.047
1.980
1.655
1.696
1.895
1.685
1.324
2.018
1.333
1.182
1.374
1.633
1.152
1.304
1.728
1.105
1.240
0.940
1.320
1.049
1.271
1.113
0.949
1.161
1.277
1.123
1.520
1.115
1.624
1.423
2.186
1.437
1.327
1.511
1.250
1.451
0.763
1.703
1.424
1.263
0.884
1.168
1.056
1.228
0.795
1.163
0.925
1.116
0.638
2.148
1.774
1.893
3.506
1.778
1.259
1.276
1.612
1.794
1.715
1.478
0.747
0.933
2.608
0.992
1.901
1.810
1.605
1.552
1.431
1.652
1.491
0.896
1.716
1.414
1.369
1.146
1.311
1.114
0.911
0.880
0.842
1.452
1.291
1.077
1.195
1.950
1.939
1.431
1.145
1.651
1.256
1.679
1.305
1.256
1.242
1.248
2.454
1.138
1.048
2.040
1.198
1.188
0.731
2.971
1.819
1.363
1.858
2.933
1.427
1.906
2.077
1.660
2.227
1.838
1.091
1.745
1.509
1.598
2.238
2.355
1.776
1.316
1.778
1.410
1.511
1.370
0.783
1.177
1.167
0.875
1.076
1.981
1.711
1.658
1.789
1.520
2.105
1.391
1.142
0.777
1.306
1.687
1.688
1.749
1.777
1.594
2.088
1.680
1.365
1.529
1.226
0.935
1.124
1.040
1.002
1.133
1.717
3.148
1.602
1.500
0.790
1.019
1.044
1.202
1.558
1.301
1.371
1.196
0.950
1.394
0.683
1.727
1.148
0.897
0.801
0.960
1.082
1.165
1.040
1.759
0.978
1.234
0.909
1.236
1.085
0.976
1.300
0.848
3.054
2.014
1.152
1.161
1.486
1.737
1.890
1.864
2.219
0.981
1.031
1.080
0.979
1.398
0.900
0.790
0.859
1.159
1.056
1.030
1.231
0.921
1.102
1.224
1.072
0.749
1.470
2.145
1.704
1.273
1.554
1.698
1.260
1.012
1.341
1.654
1.455
1.734
0.604
1.063
1.199
1.071
1.405
1.155
1.163
1.154
1.143
0.947
1.059
1.816
1.522
1.422
1.618
1.177
0.944
1.188
1.740
0.978
0.880
1.063
1.175
0.978
1.165
0.995
0.810
0.869
2.019
1.497
1.154
2.091
1.525
1.381
1.218
0.884
1.424
0.969
1.213
1.744
1.106
0.924
1.335
1.257
0.627
0.636
1.491
0.843
0.979
0.906
1.046
1.363
0.706
0.912
2.459
1.384
0.912
0.992
0.802
0.954
1.609
0.970
2.035
1.431
0.652
0.778
0.757
3.356
1.426
1.657
1.679
2.360
1.958
2.578
2.465
2.639
2.477
1.587
1.441
1.619
1.845
2.308
1.662
1.801
1.555
1.669
2.287
1.054
2.326
2.093
1.642
2.163
1.194
1.426
1.410
1.511
1.489
1.183
1.682
1.190
1.157
1.280
1.462
1.404
0.960
1.341
1.129
1.217
1.595
1.820
1.798
1.478
1.421
1.198
1.065
1.048
1.028
1.455
1.161
1.024
1.407
1.762
1.156
1.038
1.224
2.409
1.863
2.957
1.691
2.087
2.473
1.522
1.942
1.842
2.244
1.621
1.711
2.234
2.472
1.806
1.611
1.595
1.371
1.843
1.241
1.118
1.257
1.637
1.410
1.599
1.331
1.048
1.185
1.614
1.547
1.696
1.805
1.482
1.466
1.527
1.370
1.443
1.203
1.229
1.998
1.292
1.474
1.040
1.548
1.101
1.575
1.378
2.631
2.461
1.308
2.146
2.036
2.058
2.205
1.431
1.630
1.133
1.376
1.059
2.285
2.014
1.870
1.489
2.360
1.577
2.103
2.903
2.676
2.442
3.286
1.931
2.496
1.559
1.657
1.638
1.176
2.063
1.906
1.102
1.961
1.420
1.381
2.144
2.668
2.316
1.410
1.585
1.023
1.423
0.995
1.179
0.916
2.537
1.319
0.545
2.635
2.022
2.698
2.134
2.121
1.459
1.218
1.516
1.427
1.950
1.232
2.039
1.168
1.476
1.941
1.852
1.505
1.322
2.095
2.427
2.936
1.521
1.720
1.819
1.391
1.594
1.590
2.034
1.516
1.069
1.629
0.908
1.281
1.502
1.536
1.753
1.531
0.946
0.727
1.307
0.679
1.037
2.143
2.807
1.994
1.670
1.491
1.560
1.554
2.280
1.607
1.452
1.435
1.524
1.704
1.186
1.477
1.569
1.677
2.220
1.309
1.316
2.031
1.910
1.555
0.571
1.680
1.426
2.811
1.721
1.293
2.208
1.062
0.942
0.793
1.258
1.742
1.176
1.205
1.204
1.195
1.454
1.014
0.784
1.235
1.030
1.505
1.366
1.355
1.031
1.410
1.135
1.264
1.086
1.270
1.257
1.948
1.899
1.275
1.894
1.755
1.444
1.784
1.500
1.457
1.217
2.077
1.471
3.488
2.090
1.203
1.278
1.585
1.667
1.686
1.462
1.469
1.103
1.536
1.488
1.740
2.185
1.358
1.141
2.250
1.601
1.351
1.707
1.222
1.415
1.053
1.365
1.893
1.523
0.985
1.480
0.917
1.279
0.603
0.626
1.916
2.105
0.956
1.069
0.765
2.352
1.597
0.404
1.275
1.660
1.121
1.985
0.924
1.038
1.335
1.348
0.961
1.378
1.506
1.921
1.191
1.496
1.392
1.552
1.156
1.205
0.964
2.044
1.210
1.367
1.391
1.124
0.913
0.853
1.504
1.405
1.117
0.793
1.007
3.092
1.943
2.502
1.405
1.763
2.282
3.359
1.492
1.687
1.116
0.977
1.507
1.055
1.589
1.324
1.319
2.306
1.236
0.982
1.105
1.580
1.870
1.376
2.166
0.969
1.308
1.064
1.103
0.972
1.287
1.641
0.761
1.218
1.462
1.171
0.855
0.867
0.837
0.737
0.825
0.671
1.330
1.112
0.640
0.909
0.972
1.226
1.917
1.632
1.438
0.925
1.298
1.404
1.490
0.859
0.848
0.901
1.166
2.072
0.789
1.730
1.767
1.572
1.000
1.197
0.694
0.729
1.059
1.106
0.872
1.426
0.797
2.911
1.559
1.942
1.680
1.574
2.292
1.432
1.672
1.212
1.020
1.683
1.461
1.466
1.057
1.895
1.414
1.913
1.701
1.523
1.226
1.900
1.613
1.082
1.400
0.939
1.256
0.877
1.326
1.458
1.717
1.048
1.614
1.554
1.141
1.233
1.487
0.945
0.981
2.161
1.034
2.054
1.053
1.354
1.114
0.589
1.634
1.314
1.949
1.189
1.124
1.117
1.276
2.211
1.841
0.997
1.482
1.035
0.914
1.900
1.349
1.073
0.951
0.708
1.564
1.294
1.234
1.373
0.999
1.216
1.524
0.883
1.114
1.023
0.942
0.910
2.185
1.760
1.109
1.260
1.167
1.633
1.348
2.073
1.714
1.528
1.274
0.992
0.985
0.989
0.954
0.917
1.018
1.988
1.822
1.292
1.587
1.495
0.808
1.471
1.781
1.439
1.282
1.850
1.459
1.622
1.490
1.459
1.709
1.564
1.387
1.215
1.051
1.642
2.537
1.724
1.422
1.495
0.890
0.897
1.426
1.133
1.351
0.693
1.269
0.693
1.159
0.994
1.184
3.303
2.310
0.889
1.184
1.243
0.766
1.264
1.570
1.906
1.503
1.005
1.310
1.914
1.500
1.533
1.935
1.762
1.585
1.294
2.451
1.612
2.549
1.755
1.364
1.956
1.482
1.134
1.228
1.009
0.790
1.372
0.598
1.964
1.311
1.286
1.076
0.922
1.958
0.915
1.121
1.159
1.576
0.826
0.855
0.892
1.463
1.298
1.486
1.088
2.421
1.321
1.062
1.515
1.527
1.220
1.327
1.205
1.535
0.802
1.235
1.327
1.513
1.017
0.948
1.503
1.237
1.110
1.006
1.104
2.004
0.834
0.896
0.901
2.000
1.136
1.301
1.236
1.238
1.670
1.571
0.882
0.775
1.401
1.109
0.926
0.868
0.663
2.662
0.571
1.039
1.708
1.146
1.088
1.290
2.295
0.954
0.540
2.143
1.608
1.553
1.284
1.099
1.084
1.489
1.253
1.371
1.066
1.086
0.728
1.171
1.811
1.458
1.309
1.453
1.231
1.897
0.956
1.602
1.344
1.476
1.033
0.855
1.141
0.761
0.896
1.023
1.144
1.724
1.043
0.802
1.292
1.206
1.330
1.237
0.835
0.838
0.742
0.693
1.319
0.937
1.448
0.850
0.838
0.953
1.521
1.451
0.776
1.037
0.661
0.706
0.827
1.095
1.360
0.941
1.480
0.560
0.919
1.369
1.933
1.444
1.571
0.825
0.904
0.895
1.476
1.650
0.883
1.081
0.735
1.461
1.087
1.623
0.748
1.387
0.633
0.771
0.800
1.129
1.560
2.324
1.666
0.811
1.822
1.258
1.175
0.890
0.887
1.264
1.409
1.050
1.395
1.227
1.037
1.740
1.392
1.391
1.396
1.182
1.101
1.390
0.881
1.204
1.329
0.821
2.116
1.035
0.975
1.231
1.832
1.242
1.455
0.931
0.832
1.145
0.816
0.956
1.153
1.364
1.469
1.293
2.425
1.496
2.088
1.435
1.087
1.356
2.153
1.456
0.898
1.085
0.834
1.345
1.181
1.142
1.155
0.984
1.021
1.466
1.045
0.761
1.347
1.262
1.851
1.800
1.790
1.395
1.844
1.106
1.777
1.483
0.932
1.019
1.056
1.191
1.002
0.765
0.982
0.840
0.964
0.802
0.679
1.224
1.314
1.450
0.975
1.514
1.763
1.362
1.902
2.771
1.080
1.429
3.509
1.270
1.921
1.567
1.065
1.410
2.496
1.200
1.417
1.090
1.946
1.907
0.908
1.142
1.409
0.866
1.945
1.362
0.878
1.336
1.051
1.423
0.904
0.861
1.261
1.293
1.477
1.690
1.311
0.999
0.983
1.533
1.410
1.221
1.438
1.680
1.568
1.237
1.130
0.884
0.922
0.955
1.973
2.217
1.697
1.450
1.617
0.660
1.335
0.593
0.703
0.952
1.105
1.669
0.931
1.474
1.977
1.336
0.843
1.329
1.126
0.902
0.544
1.423
1.345
1.186
1.321
1.132
1.265
1.319
1.329
1.141
1.090
1.866
0.870
1.211
1.196
1.081
1.036
1.023
1.147
0.878
1.359
1.256
0.867
1.157
1.430
1.009
2.013
0.864
1.326
1.033
0.959
1.307
1.127
1.507
1.157
1.045
1.204
1.376
1.105
1.268
0.959
1.053
0.987
3.360
1.273
1.271
3.315
0.779
0.839
1.268
1.726
0.944
1.299
1.152
1.677
1.689
1.565
1.276
1.298
1.125
1.022
1.511
1.361
1.304
1.780
1.039
0.995
1.196
1.990
0.856
1.298
1.002
0.996
0.628
1.846
1.753
1.126
1.245
1.388
1.150
1.397
0.913
1.412
1.437
1.532
1.209
1.331
0.793
0.957
1.311
1.263
0.841
0.626
0.601
0.716
0.897
0.970
1.080
0.949
0.789
0.673
0.746
1.098
0.963
1.597
1.487
1.285
1.462
2.114
1.205
1.754
1.376
1.806
0.773
1.314
1.415
1.229
0.901
0.590
0.698
1.025
1.713
1.476
2.534
0.976
1.243
1.607
1.301
1.592
1.484
1.177
1.708
2.062
0.531
0.987
0.915
1.063
0.733
0.702
0.757
0.484
0.694
0.656
0.520
0.794
1.833
0.998
0.812
0.910
1.012
0.812
1.143
1.466
1.428
1.194
0.716
1.019
1.714
1.234
0.661
0.701
0.843
0.606
1.321
1.401
1.328
1.704
0.637
0.941
1.367
0.951
1.382
0.821
1.153
1.048
0.771
1.133
2.003
0.994
1.664
1.032
0.953
0.900
1.848
0.685
0.735
0.632
0.681
1.175
0.691
1.169
0.811
2.358
1.370
1.125
1.066
1.457
2.891
0.786
0.786
1.030
0.774
0.630
1.803
0.673
1.942
1.019
1.052
1.745
1.093
0.737
1.305
0.958
1.054
0.848
1.757
0.816
0.667
0.645
0.956
2.965
0.668
1.125
0.917
0.897
0.613
0.911
0.598
1.405
0.919
1.152
0.629
0.893
1.397
0.726
1.000
0.852
0.781
0.410
0.782
0.931
0.866
0.917
1.310
0.989
0.668
1.008
1.005
1.107
0.887
0.685
1.223
0.788
1.162
0.887
0.705
0.799
1.260
0.624
3.633
0.919
0.747
0.664
1.421
1.422
1.373
1.322
1.396
0.774
0.532
0.705
0.815
0.612
0.544
0.570
0.952
0.752
1.894
1.485
0.906
0.682
0.772
1.267
0.852
0.875
1.434
0.876
1.778
0.810
0.677
0.636
0.669
0.804
0.597
0.609
0.593
0.661
0.698
0.719
0.861
1.363
1.123
1.283
1.057
0.970
0.897
0.957
0.710
1.020
0.739
1.075
2.159
0.647
0.725
0.764
1.119
0.697
0.860
0.603
0.586
0.781
0.485
0.632
0.559
0.647
0.934
1.269
1.240
1.494
0.877
1.214
0.612
0.959
0.860
0.971
1.130
0.962
0.765
0.730
0.973
0.590
0.802
1.256
1.601
0.996
1.026
0.564
0.526
0.641
0.977
1.006
0.876
1.126
0.629
1.513
0.765
1.782
0.754
0.712
0.650
0.625
0.530
0.684
0.594
0.533
0.769
0.662
1.018
0.860
1.114
1.343
1.131
1.640
1.376
1.514
1.837
1.591
2.010
1.552
0.479
1.278
1.737
1.165
1.856
1.733
1.519
1.427
1.123
2.026
1.408
0.950
1.692
1.154
1.213
1.352
1.315
0.992
0.993
1.055
1.830
2.139
1.692
1.742
1.426
1.469
1.744
1.621
1.370
1.592
1.072
1.343
0.856
1.138
2.197
0.985
2.596
0.885
2.133
0.830
0.860
0.946
1.309
1.810
0.776
1.146
1.052
1.138
1.337
2.887
1.079
1.297
1.353
1.337
1.212
0.659
1.068
0.876
0.832
1.497
0.692
0.585
0.705
1.212
0.696
2.377
0.909
1.101
0.579
0.473
1.067
0.909
0.793
0.490
1.157
0.747
0.511
1.091
0.929
0.542
1.187
1.673
1.374
0.864
1.356
1.652
1.258
1.087
0.790
1.009
1.363
0.474
1.090
0.961
0.886
0.587
0.896
2.315
0.953
1.878
0.729
0.952
0.906
1.327
1.010
0.789
0.922
0.591
1.536
0.662
0.988
0.281
0.625
0.591
0.464
0.702
0.683
1.060
0.738
0.705
0.550
1.382
0.681
0.461
0.686
0.697
0.847
0.805
0.711
0.909
0.690
1.811
0.721
0.627
2.238
0.895
1.267
1.310
0.716
0.861
0.766
0.383
1.399
1.120
0.932
0.637
0.424
2.695
1.147
0.556
1.238
0.572
0.449
2.711
0.888
0.754
0.627
3.415
0.438
0.725
0.953
0.560
0.876
0.918
0.549
1.199
2.033
1.531
1.036
2.119
0.726
0.783
0.801
0.737
1.073
0.807
0.764
0.917
0.649
0.686
0.656
2.140
1.883
1.036
2.864
1.319
0.857
1.724
1.376
1.769
0.462
1.075
1.616
0.746
0.676
0.679
1.316
0.518
0.538
0.495
0.879
0.507
0.784
0.608
0.563
0.852
0.508
0.992
0.664
0.932
0.910
0.911
0.596
1.216
0.848
0.879
0.638
1.000
1.528
1.122
0.757
0.395
1.014
1.274
0.650
0.843
0.841
0.713
0.520
0.497
0.711
2.232
0.918
1.131
0.944
0.696
0.926
1.625
1.327
2.217
0.975
0.718
2.428
1.204
1.197
0.663
1.056
0.795
1.013
0.991
0.458
0.691
1.060
0.768
1.000
0.866
0.794
0.842
0.581
0.738
1.328
0.735
0.802
0.676
0.968
0.791
0.772
1.424
0.717
0.732
0.956
2.142
0.539
0.450
0.462
0.468
1.408
0.459
1.246
0.739
0.695
0.822
0.850
0.598
0.787
0.547
0.780
0.615
1.419
1.040
0.604
1.838
1.059
0.261
1.227
0.986
0.643
0.697
0.715
0.945
1.145
0.629
1.132
0.685
0.685
1.120
0.999
0.753
1.118
0.690
0.723
1.068
0.586
0.592
0.859
1.192
0.712
0.791
0.389
0.683
0.665
0.460
0.593
0.842
0.985
1.370
0.580
0.627
0.445
0.603
0.478
0.758
0.906
0.599
0.357
0.637
0.826
1.200
0.755
0.666
1.287
0.580
0.682
0.574
0.337
0.686
0.519
0.378
0.718
0.574
0.446
0.298
0.588
0.519
1.281
0.732
1.018
0.495
0.684
0.352
0.546
0.584
0.729
1.058
0.595
0.597
0.719
0.624
0.538
0.529
0.673
1.196
0.430
0.328
0.361
0.653
0.587
0.741
0.597
0.540
3.074
1.994
0.368
0.706
0.373
0.368
0.850
0.712
0.710
0.896
1.002
0.567
0.635
0.714
0.605
0.836
0.990
0.922
0.889
1.331
1.010
0.625
1.016
0.822
0.752
0.896
1.809
2.421
1.563
1.327
0.941
0.847
1.131
1.071
1.111
0.969
0.634
2.284
1.176
0.983
0.712
1.139
0.760
1.070
0.858
1.046
0.818
0.589
0.522
2.056
1.010
0.688
0.550
0.518
0.933
0.808
1.135
0.713
0.854
0.984
0.742
0.720
0.694
0.700
1.155
1.072
0.929
1.635
1.572
1.114
2.033
0.759
1.490
1.254
1.435
0.726
1.016
1.053
0.941
0.563
0.655
0.744
1.480
1.231
1.043
1.355
0.919
1.070
0.600
0.884
2.191
0.712
1.595
0.762
0.938
0.646
0.683
1.385
0.710
0.718
0.485
0.908
1.067
0.873
0.696
0.639
1.138
0.814
1.081
1.064
0.928
1.598
1.815
2.040
1.865
1.119
1.836
0.945
2.839
1.056
1.251
0.765
1.104
0.873
1.527
0.608
0.770
1.514
1.254
1.819
0.263
1.377
0.841
0.659
0.645
0.881
1.110
1.041
0.903
0.728
0.702
0.529
0.915
0.983
2.443
1.701
0.858
0.606
0.740
0.636
0.662
1.037
1.176
1.462
0.716
0.803
0.833
2.041
0.516
0.490
0.487
0.471
1.156
0.517
1.184
2.000
0.559
0.689
0.953
0.551
1.235
0.709
0.483
0.511
0.641
0.723
0.645
0.870
0.522
0.499
0.497
0.474
0.556
0.595
1.003
0.794
0.403
0.413
0.894
0.593
0.562
0.363
0.401
0.815
0.840
0.896
0.531
0.589
0.857
0.583
0.649
0.633
0.672
0.593
0.338
1.136
0.827
0.762
0.408
0.392
0.401
0.529
0.595
1.118
1.000
0.444
0.611
0.641
0.853
0.396
0.713
0.731
0.785
0.394
0.620
0.715
0.740
0.383
0.354
0.387
0.373
0.327
1.142
0.645
0.483
0.842
0.565
0.885
0.466
1.186
1.409
0.940
1.161
1.532
1.701
1.322
1.644
1.310
1.019
0.243
0.929
0.888
1.417
1.102
1.062
1.028
0.946
1.356
0.718
1.552
0.675
0.539
0.824
0.608
1.041
0.656
0.759
0.521
1.235
1.092
0.848
0.278
1.119
0.776
0.617
0.809
0.776
0.801
0.688
0.776
0.676
2.012
1.441
1.032
0.967
0.929
1.120
1.329
0.968
0.662
0.578
0.585
0.816
0.805
0.279
0.957
1.053
0.712
0.880
0.767
0.692
1.590
0.499
1.050
1.184
0.860
0.993
0.835
0.554
0.486
0.837
0.737
0.787
0.963
0.535
0.685
0.524
0.531
0.964
0.467
0.613
0.547
0.530
1.345
1.181
0.736
1.377
0.678
1.318
0.635
0.760
0.542
0.590
0.994
1.533
1.262
1.360
0.774
0.698
0.791
0.633
0.713
0.833
0.812
0.630
0.607
1.049
0.853
0.532
1.177
0.683
0.950
1.215
0.611
0.886
0.700
1.368
0.844
0.584
0.341
0.448
0.570
0.423
0.540
0.802
0.984
0.563
0.490
0.765
1.074
0.502
0.731
1.019
1.224
0.991
1.021
1.443
1.361
0.811
1.538
1.190
0.729
0.646
0.742
0.901
0.581
0.826
1.420
0.821
0.930
0.965
1.045
0.971
0.867
0.570
0.691
0.564
0.531
0.544
0.711
0.582
0.656
0.898
0.832
1.347
1.159
1.070
0.899
0.911
0.646
0.537
0.548
0.834
0.662
0.978
0.521
0.613
1.040
1.162
0.920
0.555
1.110
1.164
0.911
0.921
0.790
0.912
0.843
1.073
0.999
1.122
0.843
1.039
0.510
1.235
0.899
1.103
2.084
1.275
0.762
0.898
0.960
0.855
1.326
1.165
4.158
1.798
1.256
1.318
1.814
0.853
0.869
0.843
1.296
1.404
1.411
1.256
0.740
1.544
1.315
0.773
1.073
1.035
1.134
1.095
1.124
0.412
1.108
1.328
1.895
1.083
1.481
1.749
1.420
0.626
0.694
0.741
0.596
0.634
0.549
0.568
0.643
0.632
0.666
0.935
0.596
0.583
0.974
0.631
1.219
1.230
1.117
1.205
0.892
1.607
1.441
0.639
0.621
1.945
0.929
1.488
0.896
1.733
0.700
1.326
1.274
0.946
1.066
1.235
1.566
1.797
1.395
2.272
2.378
2.589
1.255
1.299
1.428
1.784
1.900
0.712
1.458
0.992
1.355
0.937
0.868
0.396
0.673
0.574
1.073
1.423
1.749
1.583
1.281
1.226
1.445
0.901
0.926
1.369
0.910
1.244
1.266
0.844
0.887
1.892
1.436
1.796
1.150
1.154
0.395
1.713
1.377
1.080
0.824
1.209
0.866
0.788
1.725
2.067
1.136
1.013
0.942
0.875
0.961
1.108
1.054
0.931
0.759
1.013
2.260
0.599
0.565
1.654
1.016
1.221
1.303
0.824
0.542
2.231
0.366
0.616
0.630
0.442
1.137
0.351
0.952
0.747
0.848
0.802
0.360
2.678
1.072
0.895
0.747
0.582
1.062
1.393
0.640
1.482
1.404
1.255
2.443
1.127
1.578
1.811
2.055
1.898
1.670
1.348
1.643
1.142
1.303
1.865
1.206
3.330
1.394
3.610
1.037
1.128
0.928
0.674
0.746
1.741
1.242
0.916
1.364
3.022
1.994
1.716
1.809
2.628
2.737
1.829
3.751
1.641
1.790
1.718
1.875
1.051
1.661
1.121
1.553
2.650
1.012
1.348
1.560
1.912
3.315
0.943
0.963
1.486
2.205
1.310
1.317
2.843
1.244
2.391
2.143
1.291
1.382
1.665
2.169
1.866
2.248
1.276
1.119
2.646
2.449
0.953
1.530
0.616
0.643
1.013
1.327
1.166
1.607
1.284
1.051
1.231
2.187
1.852
1.859
1.267
1.494
1.732
1.277
2.150
1.151
1.353
1.538
1.893
1.666
1.625
0.575
1.373
1.065
0.934
2.182
2.239
2.034
1.498
1.963
1.345
1.356
3.140
1.150
1.227
1.155
2.994
1.770
3.111
1.696
1.361
1.637
1.341
2.476
1.222
1.320
1.108
1.002
2.995
0.802
1.190
1.073
1.222
2.509
1.132
1.870
1.862
1.148
1.778
0.897
2.009
1.189
1.592
1.665
2.533
1.430
1.126
1.016
2.208
1.222
1.998
2.009
1.758
1.664
1.047
2.096
0.913
2.596
1.238
2.104
2.441
1.899
1.621
2.046
1.354
2.507
1.560
1.920
1.292
1.906
3.093
1.837
1.716
2.002
1.735
1.739
1.482
1.132
1.155
1.778
1.087
4.545
2.971
3.173
1.876
2.991
2.056
1.725
1.674
2.076
1.177
1.000
1.014
1.618
1.401
1.267
1.004
1.839
1.276
1.087
1.476
1.551
2.553
1.210
2.367
1.156
1.672
2.032
1.655
1.432
1.057
1.580
0.999
3.273
1.346
1.232
1.361
1.483
1.704
1.101
1.583
2.319
2.406
1.280
1.408
1.205
1.431
2.623
1.638
1.114
1.632
2.209
1.886
2.137
2.063
0.892
1.584
2.170
1.842
2.025
2.226
2.899
1.623
1.065
2.832
1.707
1.486
2.361
0.678
1.561
1.961
1.250
2.134
1.530
0.822
1.405
1.760
1.445
1.450
0.951
1.545
0.893
1.294
1.366
0.960
2.398
2.198
2.919
2.691
1.959
1.626
0.791
1.258
1.979
1.624
2.442
0.965
0.888
1.360
0.909
1.504
2.272
2.284
2.136
1.868
1.230
2.121
1.838
1.338
1.346
0.684
5.510
3.630
0.874
1.135
1.957
1.579
1.063
2.433
1.578
1.956
1.676
1.765
1.569
4.448
1.187
1.458
1.579
1.796
0.946
0.957
1.651
0.572
1.304
1.457
2.329
1.433
4.291
1.173
0.944
2.636
2.359
2.061
2.159
0.924
1.058
3.255
1.396
2.067
0.953
2.260
1.636
3.560
1.080
0.649
0.836
1.433
1.183
1.163
0.843
0.855
1.042
2.039
2.095
1.409
1.555
1.309
2.291
0.620
1.023
1.074
1.883
1.234
1.088
1.624
1.234
1.383
4.024
1.094
1.052
1.086
1.728
1.704
1.717
1.912
1.655
1.563
1.535
1.521
2.175
1.358
1.449
1.215
0.868
1.001
1.228
0.923
1.028
1.077
0.768
1.072
0.951
0.921
0.808
0.771
1.686
1.357
0.764
1.558
2.395
3.448
1.902
1.948
1.573
1.591
1.446
2.331
1.611
1.648
1.378
1.573
1.287
1.119
1.346
0.981
1.447
1.081
1.206
1.385
1.324
1.244
1.191
1.345
1.129
0.904
1.949
1.058
0.993
0.967
1.119
1.242
2.400
1.621
1.818
1.161
1.811
2.306
1.897
1.495
1.583
3.128
1.494
2.316
1.440
1.335
0.917
2.291
1.207
2.092
1.784
1.393
1.271
1.161
2.534
1.084
3.061
0.911
1.301
2.019
1.439
2.195
1.142
0.924
1.364
1.321
1.173
1.792
0.641
1.398
1.127
1.416
1.390
1.142
0.836
0.774
1.105
0.900
1.059
2.346
1.709
1.481
1.542
1.403
2.053
1.410
1.197
1.059
1.389
2.606
1.930
3.097
1.731
1.794
4.249
1.745
2.226
1.253
1.322
1.118
1.284
1.774
1.824
2.415
0.998
1.520
1.963
1.185
1.299
1.058
0.861
1.384
2.569
1.130
1.063
1.510
1.093
1.257
2.278
1.039
0.978
1.577
1.370
1.823
1.343
1.325
2.214
1.510
3.501
1.456
1.363
0.878
1.396
1.653
2.989
1.503
1.393
1.432
0.944
1.244
1.131
0.889
0.811
0.784
1.599
2.353
1.742
1.224
1.185
1.914
1.509
1.128
0.946
0.784
1.104
1.262
2.252
0.896
0.727
1.262
0.676
1.596
1.186
3.445
1.843
0.960
1.821
1.173
0.965
1.213
0.799
1.208
1.350
0.945
1.183
1.260
1.035
0.702
0.649
1.679
0.581
0.586
0.644
0.556
0.992
0.515
0.546
1.097
1.341
1.012
1.260
1.020
1.021
0.679
0.973
1.481
1.314
1.147
1.222
1.288
0.964
1.852
2.406
1.797
2.269
1.348
2.321
1.704
1.244
1.502
0.969
1.328
0.911
0.565
0.913
1.244
0.804
0.625
1.178
0.792
1.347
2.016
0.619
0.816
1.223
0.997
1.050
1.415
1.089
1.790
1.606
1.486
0.711
0.652
0.806
0.613
2.167
1.056
0.634
0.566
0.555
1.684
1.528
1.102
1.187
0.842
1.132
2.053
1.582
1.262
2.105
1.508
0.639
1.246
1.431
2.513
1.290
1.791
1.194
2.062
0.997
1.071
2.114
1.823
1.577
1.759
3.014
2.012
1.128
1.119
0.934
1.187
1.300
0.990
1.762
1.271
0.896
1.817
0.983
0.666
0.641
0.543
1.315
0.859
1.212
1.406
0.956
1.078
1.751
1.101
1.108
0.910
1.613
1.172
1.236
1.018
1.726
2.222
3.610
2.395
3.480
2.040
1.975
1.842
1.175
1.400
1.452
2.047
1.841
1.822
1.663
1.295
2.166
2.189
1.482
2.858
3.266
2.502
1.914
1.576
2.397
1.501
1.451
2.144
1.430
1.727
1.758
3.145
1.900
1.922
1.430
1.639
2.328
2.003
1.515
2.325
2.161
1.815
2.094
2.567
2.148
2.004
2.366
1.724
1.298
1.643
1.618
1.803
1.872
1.651
1.485
2.096
1.571
1.616
1.903
1.455
2.070
1.805
2.040
1.574
1.246
1.908
1.448
1.942
1.356
2.447
1.862
1.770
1.930
2.150
2.705
2.174
1.362
2.076
1.729
2.637
2.148
2.036
1.297
1.757
1.517
1.665
3.235
1.361
2.444
2.557
1.178
1.402
1.778
1.390
1.914
2.019
1.298
1.883
1.485
1.532
1.873
1.476
1.837
1.401
3.901
3.521
1.127
2.375
1.305
1.912
1.886
1.179
2.196
1.667
1.460
1.661
0.887
1.063
1.574
1.366
1.693
2.187
1.369
1.323
1.315
1.530
0.622
1.311
1.819
1.047
1.205
1.396
1.751
1.434
2.423
1.298
1.290
1.574
1.248
1.126
1.024
1.411
0.916
1.284
1.766
1.586
1.385
2.289
2.012
1.077
1.666
2.305
2.113
1.316
1.226
2.422
1.071
1.445
2.676
1.228
1.781
2.116
1.825
1.634
1.530
1.409
3.914
2.208
2.495
1.139
2.228
1.160
1.061
1.599
1.848
0.979
1.785
1.768
1.497
3.156
1.383
0.997
0.904
0.586
2.110
1.063
2.859
2.296
1.270
1.804
1.939
1.529
1.831
1.150
1.458
1.227
1.096
3.425
2.734
1.792
2.189
2.152
1.918
0.860
1.926
2.342
2.560
1.372
1.583
1.749
1.257
1.641
1.077
1.143
3.328
4.351
2.293
2.608
2.065
3.028
2.641
4.127
2.223
1.213
2.733
2.376
1.179
3.299
1.778
1.963
1.648
2.298
1.823
3.456
2.043
2.833
1.743
2.781
2.706
2.186
1.470
1.759
1.991
1.737
2.531
1.297
1.617
2.546
2.682
1.877
1.627
2.123
2.872
1.215
1.580
1.384
1.968
2.187
2.771
1.581
1.900
2.144
1.001
1.937
1.569
2.917
1.888
1.270
1.535
2.025
2.058
1.852
1.651
1.371
1.554
2.070
2.019
2.428
2.505
1.858
1.419
1.411
2.476
0.950
1.520
1.390
1.917
1.406
1.660
1.117
2.028
1.937
1.374
1.291
1.419
1.587
1.596
1.803
1.224
1.290
1.571
2.265
1.833
1.617
2.056
2.339
2.182
1.300
1.722
1.973
1.798
1.447
0.838
1.301
2.290
1.082
2.021
0.953
1.529
1.163
1.595
1.590
1.332
0.936
0.646
1.046
1.293
1.173
0.878
1.021
1.583
1.191
1.210
1.696
0.674
1.582
1.278
1.533
2.034
0.956
1.350
1.947
1.254
1.546
1.675
2.463
1.873
2.308
1.561
1.592
1.615
1.201
1.660
1.094
1.869
2.267
1.017
2.472
3.486
2.148
2.536
2.279
1.319
3.164
1.408
1.631
1.789
1.067
1.053
2.705
1.589
1.641
1.715
2.826
1.263
1.073
1.790
1.534
1.297
1.506
1.247
2.090
1.487
1.088
0.859
0.833
0.881
0.792
0.844
1.211
1.041
0.851
1.323
1.302
1.868
1.253
1.178
1.460
0.917
0.911
1.765
1.623
1.529
2.005
2.392
1.820
1.369
1.644
1.421
1.531
0.907
1.420
1.175
1.739
1.536
1.470
1.532
1.221
0.976
1.534
1.576
1.294
1.367
1.357
1.088
2.055
1.054
1.363
1.555
1.885
1.270
1.559
2.904
1.316
1.537
1.178
2.760
1.577
1.508
1.642
1.250
1.604
1.135
2.861
1.224
2.000
2.372
1.207
1.222
1.631
1.849
1.187
1.342
0.784
1.866
1.274
1.992
1.328
1.628
1.182
1.444
1.405
0.680
0.839
0.990
1.265
1.597
1.464
1.258
1.023
1.139
1.248
1.079
1.304
1.760
1.544
1.175
1.223
2.314
1.527
2.241
1.251
1.058
0.969
1.251
1.113
1.384
1.522
2.150
1.396
1.363
1.701
1.431
1.135
1.509
2.164
1.352
1.632
1.224
1.527
1.088
1.482
0.918
0.903
1.208
0.840
0.840
0.912
1.356
1.566
1.084
1.606
1.929
1.527
0.867
1.111
1.266
1.146
1.485
1.244
1.035
1.138
0.738
1.149
0.959
1.041
1.603
1.528
0.725
1.236
0.942
1.002
1.479
1.289
0.946
0.904
1.618
1.509
1.313
0.997
0.731
0.813
1.121
0.669
1.747
2.559
1.164
0.887
0.684
0.873
1.045
1.890
1.071
1.396
1.227
1.120
2.302
0.853
1.125
1.364
1.211
0.942
0.902
1.585
1.009
2.270
2.678
0.948
0.855
1.745
0.861
0.632
0.851
1.633
1.349
1.040
1.047
0.672
0.819
1.589
2.426
0.991
0.890
0.586
0.641
0.832
1.724
1.168
1.228
1.212
1.009
1.305
1.008
0.874
0.964
1.156
1.139
0.938
1.845
1.560
0.816
2.016
1.322
1.294
1.124
0.777
1.380
1.430
0.732
0.490
0.921
0.499
1.879
1.133
1.896
1.387
0.752
1.107
2.181
2.831
2.208
1.002
2.357
1.394
2.813
1.416
2.197
1.535
1.236
1.508
1.239
1.457
1.750
1.206
1.679
1.826
1.165
1.029
1.761
2.662
1.362
3.133
0.898
0.951
1.264
1.038
0.942
1.658
2.319
1.584
1.538
2.243
1.168
2.053
1.065
1.508
1.176
0.696
0.744
0.985
1.156
0.911
0.634
0.514
0.778
2.480
1.255
1.634
2.340
0.572
1.664
1.040
1.202
1.207
1.227
1.265
0.978
1.381
0.816
1.163
0.657
2.780
0.419
2.234
1.517
1.212
2.142
0.735
1.294
0.967
1.102
1.345
1.190
1.295
1.908
0.921
1.145
1.121
2.217
1.724
1.232
0.845
1.680
1.324
1.786
1.000
0.975
2.710
2.103
0.892
0.984
0.945
1.686
0.629
3.077
1.922
1.410
1.008
0.966
1.765
2.685
0.958
2.390
2.649
1.243
0.547
1.175
1.001
1.365
1.661
0.955
1.508
1.465
1.910
0.912
1.197
0.851
1.281
1.956
1.316
1.554
0.821
1.515
1.374
1.474
1.362
1.161
0.780
0.897
0.873
2.400
1.735
3.351
2.040
1.582
1.039
1.348
1.475
1.414
2.276
0.846
1.939
1.009
1.201
2.212
1.682
1.649
1.104
1.862
2.179
1.070
0.989
0.967
1.015
0.917
0.927
0.743
1.105
1.836
0.900
1.984
0.602
1.737
1.228
1.016
0.925
1.240
0.916
0.792
1.174
1.010
1.598
0.657
0.660
0.899
0.801
0.599
0.601
0.587
0.529
1.831
1.767
1.358
3.480
1.788
0.985
0.950
0.925
1.714
1.061
1.190
0.635
0.726
0.907
1.053
0.745
0.590
1.886
1.434
0.909
1.199
1.174
1.043
2.952
1.432
1.524
1.367
1.181
1.255
1.336
0.801
0.987
0.877
3.257
1.417
1.095
1.076
1.818
0.972
4.174
2.481
2.399
1.722
2.186
2.958
2.582
3.284
1.812
1.606
1.570
2.879
2.645
1.269
3.597
1.439
1.566
1.204
1.812
1.250
2.229
1.472
1.324
0.943
1.240
0.906
1.512
1.539
1.758
1.050
1.345
1.281
1.617
1.207
0.832
0.955
1.124
1.222
1.510
1.116
0.920
0.786
0.732
0.812
2.265
1.172
1.626
1.893
1.116
1.526
1.315
1.472
1.077
1.062
1.069
1.799
0.654
1.030
1.018
1.051
1.496
1.705
1.106
0.991
1.123
0.803
3.038
3.237
1.488
1.643
2.072
3.434
1.504
2.038
1.868
2.330
1.730
3.282
1.325
3.054
1.305
2.820
1.992
1.434
1.814
1.661
2.136
2.067
1.484
1.043
3.231
2.358
2.932
2.320
2.307
2.371
1.354
2.106
2.285
2.401
1.958
1.630
2.063
1.146
1.029
1.516
2.098
2.450
3.156
1.237
1.634
1.299
0.952
2.087
2.545
2.373
1.757
0.929
1.168
2.198
1.144
2.584
0.941
2.869
2.373
1.938
1.925
1.802
1.015
2.362
1.618
0.718
0.969
1.435
1.412
1.378
2.099
1.206
1.700
1.171
1.746
1.933
1.919
1.268
1.326
2.145
1.732
1.150
1.555
1.699
3.013
0.973
1.209
2.898
0.973
2.088
1.383
1.518
0.974
1.132
1.224
2.094
2.429
1.120
1.071
1.473
2.207
1.654
0.902
2.063
2.012
0.714
1.538
1.107
0.879
2.847
0.905
1.405
1.019
0.837
0.931
1.978
0.819
0.809
0.578
0.549
0.831
0.937
0.821
0.855
0.621
2.223
1.659
2.082
0.718
3.780
2.245
1.033
0.859
1.263
1.237
1.513
1.623
0.934
1.154
1.332
1.973
0.875
1.567
0.916
1.135
1.531
0.868
0.921
1.526
0.772
0.817
2.176
1.030
1.053
0.993
2.067
1.913
2.437
2.499
1.468
1.827
1.659
2.555
1.825
3.298
2.269
1.884
1.025
2.454
1.985
1.814
1.226
1.361
1.439
1.973
2.593
1.708
1.546
1.390
1.525
2.057
0.840
1.322
1.487
1.400
2.348
2.011
1.699
1.752
2.450
1.581
1.735
1.532
1.517
1.218
1.199
1.538
1.279
1.347
1.395
1.915
1.578
2.036
2.077
2.763
1.673
1.694
2.115
0.503
0.591
1.192
2.978
1.193
1.317
1.639
2.147
1.601
1.647
1.574
1.489
1.248
1.433
0.933
1.126
0.975
1.599
1.782
2.530
1.469
1.504
1.969
1.051
1.352
1.295
1.065
1.662
1.129
2.890
1.335
1.390
1.009
1.553
0.868
2.028
1.575
1.132
1.426
3.146
0.857
1.003
1.227
0.977
0.906
2.373
2.342
2.000
1.714
1.391
1.861
1.035
1.420
1.365
2.004
1.158
1.262
1.801
1.421
1.690
1.183
2.359
2.224
2.225
1.374
1.338
1.241
1.205
1.237
0.519
1.857
1.289
0.531
1.066
1.542
1.048
1.620
1.076
1.084
0.909
0.953
0.901
0.707
1.276
0.705
1.029
1.039
1.116
1.195
1.821
2.235
0.867
1.152
0.632
1.780
1.468
1.940
1.314
0.558
1.144
1.888
1.465
1.553
1.267
1.917
1.402
1.898
2.637
1.611
0.925
1.527
0.972
1.715
1.114
0.877
0.541
0.751
1.209
1.862
0.880
0.971
1.088
0.875
1.168
1.850
1.742
1.422
0.825
1.226
1.928
1.967
1.829
1.375
1.758
1.000
1.583
1.044
2.293
1.512
3.626
1.197
1.204
2.939
2.004
1.418
2.046
1.611
2.514
1.766
1.720
1.962
1.656
2.481
2.233
0.712
1.584
1.548
1.495
1.073
0.699
0.736
1.391
0.736
0.727
0.685
0.713
0.936
0.917
0.711
1.226
1.225
1.028
2.175
0.754
1.835
0.676
0.797
0.658
0.413
0.731
0.720
0.889
0.487
0.679
0.573
0.438
0.735
0.708
1.187
0.625
0.740
1.381
0.748
1.585
0.878
1.417
0.761
0.438
0.555
1.036
0.775
2.701
0.857
0.812
1.525
1.746
1.425
0.567
0.640
0.751
1.048
0.865
0.423
2.183
1.114
2.300
1.141
0.851
1.294
1.580
2.804
1.264
1.292
1.079
1.421
0.932
1.067
0.999
1.839
1.536
1.645
1.422
1.542
1.360
1.701
1.666
1.583
1.910
1.467
1.416
1.158
1.272
1.150
1.411
1.303
1.373
1.511
1.141
1.562
1.213
0.981
0.779
1.404
0.935
1.180
1.293
1.096
1.451
0.671
1.272
1.071
1.032
1.340
1.094
1.240
1.590
1.044
1.366
1.288
1.205
1.317
0.694
1.491
0.994
1.272
1.035
0.910
1.169
0.541
1.125
1.482
1.474
1.978
1.037
1.180
1.319
1.414
0.951
0.838
1.315
1.441
1.371
1.415
1.277
1.358
1.164
0.736
1.206
1.270
1.157
1.550
1.390
0.937
0.897
1.149
0.953
0.990
0.934
1.285
1.167
1.255
1.108
0.880
1.332
0.752
0.974
0.990
0.847
1.304
0.709
1.833
1.061
0.940
1.008
1.110
0.747
0.661
1.025
0.641
1.111
2.176
3.185
1.211
1.371
1.023
1.050
1.230
0.913
1.120
1.219
1.494
1.010
1.507
1.018
0.960
1.233
1.208
1.636
0.996
0.604
1.127
1.091
0.773
1.183
1.353
1.605
1.071
1.118
0.566
1.276
2.538
1.009
1.366
1.308
0.995
1.209
2.494
0.822
1.056
0.906
1.116
1.416
1.216
1.681
1.929
1.037
1.181
1.044
1.356
0.885
1.538
1.423
0.594
0.990
0.528
0.917
1.214
2.357
1.074
1.062
1.497
1.832
1.922
1.061
1.522
1.927
2.102
1.311
2.159
1.438
2.000
1.725
1.056
1.162
1.245
1.685
0.962
1.388
1.703
0.949
1.339
1.218
1.855
1.304
1.240
1.482
1.155
1.181
0.880
1.328
1.500
1.347
1.212
1.180
1.134
1.135
1.107
1.530
1.475
1.072
1.172
1.342
1.527
1.467
1.429
1.155
1.119
0.978
0.873
1.503
0.934
0.790
1.246
0.843
0.933
1.640
3.717
1.496
1.577
1.332
1.002
1.546
1.153
1.782
1.203
0.887
0.638
0.889
0.829
1.154
0.618
0.782
1.286
1.718
0.857
0.775
1.534
0.611
0.585
2.100
1.121
1.357
0.587
1.336
1.444
0.846
1.034
1.217
0.694
0.844
0.963
0.952
0.829
1.122
0.557
0.527
0.956
0.577
1.143
0.778
1.226
1.138
1.215
1.258
1.152
1.236
0.628
0.810
1.046
0.850
0.755
0.845
1.642
0.991
1.339
2.086
0.863
1.055
0.952
0.721
1.182
1.153
1.599
1.780
0.864
0.836
0.977
0.594
1.490
1.683
0.664
0.644
0.906
1.234
0.938
1.532
0.867
2.324
0.952
3.999
1.367
1.915
1.185
2.039
3.656
2.025
1.494
1.526
2.768
2.632
2.227
1.523
1.587
1.869
1.586
1.683
1.399
1.528
1.973
1.546
1.236
1.969
1.363
1.405
1.553
1.618
2.051
3.205
1.231
1.423
1.390
1.358
1.210
1.310
1.417
1.213
1.048
1.899
1.344
1.515
1.797
1.669
1.484
1.216
2.023
1.486
1.353
1.387
1.532
1.527
1.409
1.692
2.046
1.620
1.371
1.780
1.000
0.916
1.432
0.964
1.283
1.075
2.069
1.165
2.318
1.629
2.596
1.621
1.615
1.161
1.719
2.205
1.548
1.169
1.490
0.809
1.109
1.297
1.428
1.432
1.502
1.330
1.163
1.333
0.986
1.206
1.285
1.304
1.986
2.297
1.236
1.540
1.260
1.306
1.503
1.589
1.162
1.346
1.423
1.560
0.909
2.054
1.306
1.135
1.189
1.293
1.236
0.963
1.270
1.140
1.261
1.224
1.244
1.261
1.256
1.142
1.122
1.142
1.066
1.360
0.978
0.973
1.122
0.878
1.722
1.565
1.332
1.042
1.195
1.348
1.310
1.003
1.418
1.453
0.929
1.306
1.211
1.164
1.002
0.958
1.193
1.534
1.219
1.119
1.777
1.528
1.540
1.181
0.945
1.101
0.611
3.330
1.810
2.905
2.507
1.806
1.429
1.506
0.766
1.680
0.978
1.835
1.113
1.313
1.747
1.667
1.514
0.996
1.755
1.552
0.739
2.617
2.424
1.804
1.425
1.001
1.153
1.417
2.939
1.370
1.000
2.011
1.575
2.007
1.000
1.258
1.571
2.112
1.887
1.133
1.078
0.894
1.272
1.050
1.044
0.903
1.095
0.711
1.433
0.924
0.842
0.711
0.609
0.839
1.011
1.417
1.273
1.527
1.011
0.984
1.466
1.222
1.113
2.143
1.972
1.911
1.921
1.071
3.239
2.110
1.128
1.266
2.117
0.931
0.828
0.877
1.647
1.442
1.809
1.571
1.802
1.484
1.382
1.124
1.163
0.837
0.879
0.725
1.117
1.094
2.037
1.418
1.261
1.167
1.104
1.054
0.853
0.963
0.597
0.629
1.115
1.068
1.437
1.117
1.589
1.402
1.176
1.072
1.032
1.061
1.251
0.893
0.911
0.811
0.775
1.229
2.328
1.306
1.542
1.533
0.904
1.560
1.253
1.520
2.060
0.748
2.310
1.434
1.077
2.758
1.380
0.741
0.912
1.209
1.154
2.145
1.944
0.908
1.008
0.822
1.037
0.907
0.912
0.930
1.403
1.038
1.357
1.185
2.175
0.717
1.041
0.979
1.107
1.483
0.584
1.918
1.802
1.797
2.515
1.106
1.421
1.578
2.361
1.431
2.348
1.195
0.800
1.771
1.215
2.234
2.152
0.962
1.638
1.544
1.421
0.993
1.829
1.574
1.002
1.817
1.650
0.624
0.959
1.374
1.540
1.619
1.122
0.628
1.047
2.027
1.693
1.947
1.167
1.532
1.974
1.143
1.574
1.249
1.415
1.484
1.218
1.563
1.290
1.633
1.176
1.280
1.660
2.434
1.370
1.765
1.653
1.892
1.573
1.514
1.467
1.403
2.289
1.197
1.766
1.405
2.614
1.512
1.220
1.406
1.237
1.692
1.513
1.834
1.412
1.701
1.416
1.351
1.203
1.150
2.220
1.146
1.454
1.244
2.303
1.788
1.560
1.194
1.334
1.611
1.681
1.834
1.306
1.505
1.304
1.331
1.953
1.242
1.123
2.420
2.142
1.647
1.579
1.438
2.126
1.764
1.167
1.420
1.114
1.010
1.218
1.260
1.255
1.313
1.393
1.348
1.236
1.256
0.995
1.646
1.098
1.289
1.029
2.231
0.855
1.285
1.025
2.284
1.141
1.322
1.553
1.895
0.879
0.721
0.903
0.926
1.650
0.748
1.231
0.899
1.499
0.698
1.326
0.817
1.423
1.120
0.632
1.828
0.967
1.544
0.576
2.099
1.124
1.045
1.252
1.047
1.332
1.072
1.115
0.844
0.752
0.548
1.196
1.439
1.163
1.273
1.149
1.380
2.007
1.866
1.253
1.817
1.344
0.693
1.394
1.635
1.274
1.243
1.186
1.063
1.106
1.341
1.026
1.300
1.013
1.366
1.218
0.954
1.041
1.408
1.182
1.468
1.436
1.067
1.164
1.052
0.963
1.096
1.001
0.887
0.850
1.297
0.919
0.948
1.821
1.086
1.016
0.802
0.869
2.405
0.842
0.772
1.342
0.852
0.987
1.572
2.006
0.950
0.754
1.960
0.944
1.037
1.185
1.954
1.002
0.769
0.807
0.757
1.223
1.454
1.354
1.006
0.920
1.699
0.921
0.985
0.885
0.991
1.499
1.040
1.197
1.428
1.164
1.300
1.134
0.858
0.881
0.891
1.119
0.943
0.900
1.076
0.867
1.257
0.525
0.724
0.876
0.818
0.821
0.871
1.861
0.828
0.710
1.031
0.889
0.741
1.394
1.086
1.407
0.948
0.829
0.861
1.216
1.050
1.088
0.548
1.134
1.000
2.629
1.004
0.964
1.245
1.344
0.979
1.035
1.298
1.527
1.165
2.029
1.328
0.957
0.864
2.289
1.001
1.145
0.861
0.950
0.894
0.867
0.890
2.180
2.006
0.824
0.743
0.494
0.522
0.770
0.806
1.230
0.677
0.455
1.300
0.658
1.090
1.138
0.892
0.811
1.589
1.027
0.967
0.995
1.111
0.943
2.352
0.879
0.864
1.598
1.031
0.964
0.838
1.430
1.423
1.263
1.576
0.813
1.867
1.030
0.736
0.964
0.924
0.815
0.714
0.525
0.476
0.970
1.030
0.733
0.617
0.525
1.152
1.423
0.958
1.150
0.958
0.696
0.852
0.739
0.827
0.915
0.991
0.998
1.343
0.812
1.381
1.131
0.747
0.676
1.080
0.684
0.984
1.078
0.870
1.151
1.145
1.419
0.868
1.023
1.065
1.090
1.090
0.972
1.063
0.738
0.915
0.827
1.677
1.002
1.276
0.740
0.626
0.817
0.739
1.239
0.541
0.641
1.134
0.518
1.152
1.031
0.664
1.070
0.456
0.447
0.669
1.870
0.452
1.296
0.958
0.655
1.165
0.878
0.967
0.749
0.676
1.389
0.823
1.643
0.791
1.207
0.701
0.647
1.055
0.602
0.726
1.612
0.696
0.746
0.769
0.753
0.749
0.732
0.615
0.836
0.882
0.882
0.738
0.822
0.762
1.584
0.819
0.844
0.830
0.931
1.441
0.887
0.883
0.821
1.471
0.714
1.027
0.665
1.327
1.473
1.244
2.050
1.584
1.097
1.379
0.709
1.038
0.716
2.730
0.992
0.650
0.693
0.876
1.435
1.729
1.535
0.924
1.646
1.207
0.789
1.053
1.238
1.172
1.180
0.509
0.436
0.435
1.023
0.860
0.699
1.029
0.667
0.797
0.903
0.619
0.830
0.589
1.452
0.757
0.949
1.357
0.816
0.996
0.976
0.892
1.385
1.005
1.673
1.873
1.395
1.522
0.927
1.804
1.021
0.643
1.294
1.032
1.237
0.853
0.771
1.552
0.911
0.869
1.054
0.402
0.639
1.088
0.883
0.439
1.158
1.001
1.041
0.972
0.846
0.751
0.591
0.895
0.860
0.944
0.952
0.729
1.158
1.082
0.875
0.732
1.300
0.841
1.014
1.033
1.112
0.967
1.176
1.078
0.941
1.108
0.966
0.869
1.022
0.796
0.753
0.687
0.622
1.121
0.606
0.933
0.901
2.803
1.109
0.720
0.461
0.660
1.140
1.696
0.699
0.892
1.759
1.205
1.328
1.394
0.793
0.806
0.737
2.824
0.671
0.660
0.747
0.441
0.777
0.736
2.704
0.874
1.016
0.937
1.641
0.888
1.264
1.261
2.013
1.780
1.383
0.801
2.757
2.225
2.539
1.156
1.061
1.321
0.890
1.414
0.856
1.011
0.819
0.707
2.935
0.962
0.414
0.422
0.612
0.408
0.705
0.426
0.399
2.474
0.378
1.465
0.669
1.653
2.746
2.004
2.136
1.829
1.330
2.658
2.198
1.394
1.828
2.041
1.411
1.235
2.052
1.436
1.960
1.764
1.594
1.329
1.230
1.879
1.529
1.763
2.821
1.631
1.704
1.378
1.696
1.645
1.499
2.298
1.290
1.496
1.106
1.215
1.326
1.851
1.184
1.537
1.391
1.727
1.153
1.641
1.618
1.537
1.455
1.140
1.084
1.069
1.746
2.174
2.075
1.712
1.754
0.983
1.225
2.135
1.321
1.332
1.880
2.076
1.757
1.776
1.260
1.744
1.538
1.863
1.517
1.293
1.273
1.362
3.345
2.852
1.693
2.539
1.797
1.656
1.632
1.765
1.596
1.351
3.010
1.711
1.382
1.364
2.759
1.375
1.656
1.293
2.062
2.501
1.587
1.140
1.397
1.378
1.993
2.147
1.632
1.893
2.524
1.183
1.362
2.359
2.161
0.951
1.201
1.343
1.449
1.202
2.307
2.071
1.675
1.147
1.498
1.090
1.179
1.877
1.266
1.085
1.145
1.712
1.799
1.914
1.362
1.087
1.451
1.446
0.896
1.293
1.206
1.670
1.539
1.305
1.070
1.275
1.619
1.285
1.125
1.199
1.494
1.328
1.408
1.032
1.927
1.287
0.851
1.597
1.433
0.911
1.349
1.243
1.368
1.038
1.334
1.322
1.385
1.190
1.471
1.276
1.225
1.455
2.967
1.255
1.313
1.061
1.537
0.966
1.312
1.591
2.968
1.329
1.385
0.972
1.231
1.634
1.370
1.530
1.205
1.746
1.281
0.953
1.318
2.552
1.128
2.500
1.464
1.731
1.038
1.111
1.028
1.237
1.381
2.777
1.046
1.032
3.038
1.034
1.276
2.272
1.272
1.708
1.053
1.134
0.904
0.676
1.749
1.066
1.781
0.680
1.070
1.886
1.785
2.209
1.313
2.393
1.230
1.460
1.101
1.730
1.134
1.115
0.953
2.465
1.644
2.157
1.791
1.490
1.686
1.743
1.429
2.005
1.576
1.961
1.828
1.700
1.449
1.741
1.562
2.016
1.483
1.619
2.327
1.877
2.249
1.483
1.896
1.562
1.605
1.626
2.088
2.110
2.180
1.686
1.455
1.609
1.464
2.487
1.659
1.427
1.906
1.352
1.470
1.422
1.366
1.273
1.493
1.953
1.392
2.019
1.592
1.596
1.254
1.554
1.480
1.042
0.870
1.317
1.414
1.063
1.266
1.261
0.872
1.657
1.694
1.486
1.476
0.935
0.804
0.674
1.894
1.706
0.904
0.733
1.564
1.840
1.398
1.399
1.125
1.413
1.742
1.001
2.957
1.252
1.829
2.338
1.037
3.125
1.606
3.732
2.524
1.607
2.725
1.514
2.506
1.855
1.496
1.594
2.318
1.807
3.998
1.495
1.386
1.366
1.169
1.369
1.576
1.384
1.467
1.382
1.372
1.589
1.538
3.424
1.423
1.543
2.266
1.843
1.753
1.970
1.715
1.391
1.754
1.831
1.857
1.917
1.906
1.564
3.220
1.451
0.982
3.081
2.047
1.567
1.462
1.321
1.825
1.418
2.006
1.392
1.142
1.288
1.225
1.112
1.778
1.520
1.210
1.063
1.011
1.329
1.397
1.322
1.284
1.167
1.998
1.336
2.662
2.322
1.325
1.680
1.510
1.479
1.603
2.817
1.007
1.334
1.344
1.872
1.806
1.674
1.629
1.825
2.447
0.929
1.781
1.412
2.145
2.714
5.033
2.542
1.320
1.270
1.820
3.053
2.049
2.098
1.474
3.499
1.703
1.585
1.811
2.131
1.669
1.542
2.077
1.608
2.164
1.354
1.403
1.284
1.283
0.839
1.472
0.953
1.225
0.898
0.756
1.380
1.326
1.178
1.935
1.366
1.471
2.833
1.125
1.263
1.386
1.002
1.480
1.695
1.509
1.394
0.985
0.729
0.911
1.411
0.758
1.352
1.587
1.140
4.030
1.885
2.843
1.332
1.859
1.076
1.516
1.333
1.385
1.048
1.107
1.154
3.067
2.391
3.083
1.444
2.009
1.785
1.865
1.427
1.608
1.980
1.604
1.180
1.740
3.078
1.320
1.144
1.575
1.005
1.508
1.695
1.431
1.006
0.716
2.237
1.619
1.422
2.260
1.615
1.983
1.609
1.442
2.124
2.105
2.093
2.221
1.820
1.861
1.799
1.621
2.031
2.138
1.753
1.794
1.489
1.750
1.439
1.721
1.427
1.599
1.464
1.377
2.185
2.395
1.568
1.981
1.944
1.297
2.773
2.236
1.612
1.309
1.237
1.275
1.767
1.747
1.536
1.498
1.395
2.307
2.066
1.060
1.578
1.645
1.387
0.839
1.300
0.801
1.098
1.671
1.781
2.311
0.736
0.692
1.221
1.673
0.979
0.925
1.016
1.126
0.693
0.918
0.823
2.502
1.385
1.951
2.420
1.436
2.082
1.920
1.338
1.623
1.640
0.904
1.837
1.704
1.679
1.912
0.840
1.458
0.789
3.259
3.369
1.992
1.156
1.538
1.225
1.095
1.527
0.966
1.392
1.160
1.175
1.281
3.527
1.799
1.587
2.139
1.788
1.308
1.401
1.258
1.591
1.913
2.155
2.058
1.585
1.581
2.194
2.571
2.135
1.953
2.013
1.433
2.525
1.362
2.018
1.779
1.677
1.505
1.737
1.666
1.667
1.597
1.219
1.933
2.039
1.964
1.732
1.265
1.624
0.860
1.294
0.921
1.176
1.095
1.556
1.607
1.264
3.187
1.706
1.239
1.173
2.039
1.229
2.165
1.958
1.299
1.305
1.164
2.054
1.617
2.498
3.235
1.700
2.271
1.932
1.951
2.165
2.210
1.532
1.500
1.303
1.487
1.439
2.754
3.292
2.146
2.915
1.601
2.049
1.544
2.106
2.007
1.523
1.242
2.093
1.615
3.212
1.202
2.167
2.139
2.345
2.054
2.635
3.232
1.458
2.362
2.387
2.711
2.015
1.432
1.126
1.601
1.083
1.585
1.682
1.567
2.124
1.509
2.097
1.762
3.822
2.290
3.164
2.857
1.707
1.931
2.431
1.363
1.795
1.892
1.566
0.997
1.833
1.443
1.885
1.661
1.638
1.206
2.514
1.776
1.621
1.707
1.413
1.305
1.865
1.359
1.365
2.454
1.532
1.917
1.418
1.501
1.892
1.232
1.395
1.277
1.919
1.228
0.849
1.343
1.229
1.256
1.313
1.461
1.032
1.570
1.556
1.529
1.994
1.069
0.782
1.480
1.644
3.819
2.119
1.222
1.153
1.320
3.094
1.454
1.587
3.508
1.085
1.502
1.237
1.825
1.797
1.052
1.627
3.239
1.295
1.112
3.504
1.464
1.962
2.174
1.273
1.978
3.259
2.242
1.416
1.974
1.362
1.532
1.469
3.156
2.110
1.177
1.997
1.429
1.260
4.433
1.009
2.033
1.146
2.693
1.573
1.889
1.455
1.643
1.088
1.319
1.272
1.823
1.558
2.927
1.293
1.643
1.424
0.899
0.843
3.464
3.629
3.308
1.988
3.998
2.149
1.869
1.831
1.752
1.929
1.733
1.434
2.033
2.268
1.674
2.354
1.683
1.322
1.454
1.362
2.846
1.622
1.456
1.348
1.412
2.154
1.593
2.347
1.654
1.456
1.231
2.347
1.872
1.439
0.932
0.827
2.149
1.440
1.479
1.654
2.237
4.455
2.282
1.925
2.074
1.585
2.580
1.974
1.193
2.349
1.697
1.635
1.791
2.784
2.542
1.978
1.377
1.930
2.451
2.009
1.516
2.018
1.591
1.742
1.879
1.068
2.610
2.322
2.166
2.974
2.629
1.814
1.487
1.274
1.128
1.377
1.088
1.132
0.891
2.095
1.520
1.315
1.339
1.027
1.368
1.566
1.316
2.616
1.420
1.505
1.365
1.540
1.278
1.396
1.654
1.729
2.120
1.549
1.581
2.882
2.091
1.385
1.238
2.639
3.365
2.308
1.858
1.425
2.477
1.318
1.716
1.483
1.760
1.647
1.588
1.413
2.568
1.059
1.143
1.460
1.508
2.042
1.636
1.071
1.047
1.370
1.421
1.334
1.899
0.742
3.163
2.321
1.939
1.292
0.981
1.123
2.772
1.257
1.519
1.902
1.710
1.506
2.768
1.157
2.169
1.564
1.602
1.394
1.144
1.436
1.051
1.521
1.447
1.555
1.648
1.219
2.274
0.920
1.949
1.419
1.244
1.012
2.083
1.829
2.523
1.729
1.513
1.336
1.423
1.201
1.247
1.192
1.450
1.226
1.076
1.530
1.266
1.613
1.552
1.413
1.192
1.786
1.068
1.305
1.041
1.327
1.114
2.343
1.384
1.892
0.994
1.187
1.222
0.797
1.999
1.377
1.183
1.376
1.423
1.292
1.056
1.456
1.289
1.534
1.410
1.189
0.996
1.435
1.604
0.994
1.536
2.586
1.736
2.133
1.935
2.268
1.701
1.435
2.281
0.917
1.375
1.919
3.080
2.271
1.683
0.915
1.209
1.548
2.264
1.759
1.988
1.513
2.166
1.122
1.425
1.643
1.075
1.717
1.488
1.288
1.301
1.590
1.012
1.469
1.121
1.475
1.575
1.576
1.063
1.516
1.477
1.364
1.847
1.555
1.259
1.600
0.905
1.631
1.524
1.400
1.154
1.847
1.272
1.134
0.888
1.469
1.368
1.417
1.722
1.781
1.196
1.409
1.063
1.228
1.514
1.518
1.044
1.050
1.843
1.698
0.860
1.606
1.248
1.540
1.195
1.544
1.215
0.990
1.332
1.333
1.352
1.270
1.178
1.186
1.179
1.696
1.015
2.007
2.107
1.378
2.232
1.841
1.500
1.985
1.728
1.572
1.642
1.895
1.710
1.399
1.454
1.083
1.587
2.247
2.982
1.622
2.104
2.273
2.174
2.024
1.532
1.817
1.814
2.030
1.587
2.188
1.296
1.355
1.285
1.738
3.056
1.771
2.120
1.723
3.196
1.699
1.446
3.035
1.975
1.825
1.609
1.871
1.684
1.527
2.637
2.082
3.363
1.249
2.649
1.436
1.639
2.159
1.847
1.374
1.121
1.829
2.726
1.589
1.533
1.198
2.201
2.088
1.649
1.044
1.580
1.770
1.515
0.902
1.845
2.075
1.092
2.113
1.674
1.460
1.217
1.430
1.441
1.246
1.421
2.419
2.325
2.547
2.376
1.617
2.108
1.931
2.037
1.632
1.662
1.504
1.694
2.255
1.781
1.500
2.176
3.055
1.894
1.708
1.854
1.937
1.579
2.296
2.389
3.143
2.010
3.014
1.757
2.148
1.650
1.553
2.049
1.669
2.417
0.991
1.327
2.877
2.118
1.579
1.263
1.057
1.991
0.948
2.550
2.596
1.837
1.775
1.566
1.499
1.699
1.667
1.902
1.319
1.493
1.268
1.240
1.096
1.712
1.143
1.036
0.997
1.450
0.864
1.080
1.060
0.952
2.010
0.970
1.056
0.933
0.778
0.894
1.066
0.967
0.857
0.964
1.067
1.945
3.283
2.386
1.611
1.075
1.848
1.238
1.518
1.009
1.610
0.753
1.873
0.918
0.954
1.582
1.290
1.213
0.600
1.332
2.249
1.351
1.621
1.607
0.926
1.681
1.262
1.740
3.453
2.793
2.432
2.135
1.165
2.238
1.968
2.394
1.203
1.752
1.450
2.989
2.051
2.525
1.548
2.544
1.260
1.151
0.984
1.667
1.106
0.897
2.051
1.823
2.587
1.416
2.223
1.527
1.956
2.009
1.412
2.395
2.660
1.373
1.466
1.577
1.105
1.847
1.495
1.214
0.809
1.850
1.544
1.543
1.803
1.086
1.350
1.153
1.188
3.035
1.795
2.039
2.059
1.854
1.793
1.628
1.567
1.497
1.660
2.465
1.722
1.472
1.955
1.833
1.277
2.457
1.855
2.005
1.616
2.516
1.347
1.788
1.537
2.585
1.728
1.201
1.348
1.075
1.214
1.238
1.107
1.459
1.280
1.042
1.782
1.305
1.116
0.952
1.488
0.684
0.670
0.969
1.285
1.339
1.168
1.341
2.347
1.895
3.680
1.645
1.957
2.432
1.770
1.468
1.871
2.047
1.770
1.524
1.736
1.818
0.955
1.426
1.359
1.205
2.620
1.926
2.048
1.564
1.537
1.513
1.311
1.536
1.108
0.991
0.734
1.837
1.059
1.161
0.924
2.016
1.308
1.182
1.947
1.688
1.355
1.302
1.095
1.359
1.282
1.215
0.975
1.508
1.560
1.428
1.539
1.096
0.939
1.045
2.044
1.771
1.823
2.107
1.607
1.258
2.042
1.076
2.044
1.290
1.448
1.721
1.271
2.250
1.435
1.127
1.380
0.963
1.859
0.943
1.013
1.265
1.573
2.137
0.999
1.075
1.444
1.392
2.182
1.701
1.215
2.313
1.645
0.600
0.955
0.969
1.599
1.163
0.681
1.839
3.723
1.757
1.257
1.739
1.069
1.416
1.121
1.601
0.816
1.428
1.993
1.701
1.672
1.953
1.878
1.189
1.798
1.020
0.632
0.928
2.065
1.452
1.675
1.852
1.387
1.109
2.195
0.930
0.998
0.801
1.178
0.593
0.970
1.692
0.948
0.603
1.589
1.834
1.332
0.777
1.134
0.933
0.748
1.175
1.133
0.943
1.187
1.186
2.223
1.879
2.783
1.864
1.587
1.187
1.335
1.946
1.416
1.037
1.327
1.093
1.338
1.742
1.236
2.418
1.915
1.253
0.716
2.141
2.103
1.185
1.435
0.958
1.316
1.403
1.270
1.330
1.071
1.962
1.557
1.128
1.228
1.984
2.044
1.445
1.405
1.051
1.083
1.109
3.247
2.024
1.624
1.243
1.746
1.034
1.542
1.189
1.367
1.342
1.178
1.754
1.250
2.130
1.950
1.647
0.804
0.973
0.892
0.811
2.011
3.741
1.580
2.064
0.840
1.121
1.575
0.809
1.495
2.179
1.332
0.886
1.450
0.935
0.900
0.729
0.701
2.269
1.060
1.484
1.445
2.008
1.497
1.437
1.481
0.966
1.535
1.633
1.058
1.832
0.670
1.334
1.132
0.907
0.848
1.919
1.309
1.885
1.402
1.319
1.395
0.981
0.728
0.671
0.653
1.141
1.229
1.193
1.442
0.869
1.657
1.453
1.445
0.854
0.728
0.751
0.748
1.752
1.427
1.513
1.187
1.074
0.977
0.931
1.560
0.881
0.806
2.749
1.698
2.711
2.917
1.150
1.222
1.604
1.333
2.633
1.512
1.667
1.258
1.840
1.720
1.771
1.832
1.740
1.708
1.416
1.684
1.391
1.498
1.362
1.158
1.469
1.344
1.292
1.323
1.170
1.339
1.519
1.580
1.395
1.120
1.153
1.236
0.963
1.473
1.663
1.276
1.395
1.369
1.172
1.465
1.704
1.162
1.426
1.644
1.188
1.414
1.534
1.364
1.472
1.403
1.030
1.052
1.345
1.003
2.343
2.055
1.792
1.426
1.942
1.410
2.327
1.491
2.161
1.641
1.569
1.297
1.638
1.661
1.839
1.855
0.918
1.511
1.508
3.179
1.699
0.735
1.190
2.740
1.835
2.131
1.409
1.379
1.541
1.411
1.288
1.099
2.369
1.767
1.291
1.322
1.132
3.002
0.883
1.046
1.124
1.860
1.151
1.127
1.129
0.939
1.895
1.325
1.265
1.123
1.360
1.030
0.911
0.998
1.288
0.935
0.961
0.720
1.304
1.038
1.652
1.400
1.617
1.440
1.478
1.309
1.478
1.314
0.890
2.068
1.287
2.036
1.201
2.576
1.394
1.830
1.348
1.204
1.330
1.571
1.470
1.912
1.406
1.744
1.628
1.102
1.275
1.392
1.556
1.187
1.487
1.139
1.196
1.210
1.564
1.700
1.509
1.325
1.166
3.220
1.999
0.720
2.207
2.222
0.809
1.839
3.990
1.286
1.924
1.811
1.382
1.235
2.095
1.623
2.039
1.863
1.325
1.706
1.522
1.957
0.770
1.314
1.340
1.974
0.995
0.898
0.898
1.970
1.533
0.572
0.708
1.667
1.410
1.475
1.114
1.168
1.470
1.241
1.061
0.959
2.749
1.489
1.537
1.754
1.475
2.126
1.247
1.604
1.038
1.124
0.924
1.299
0.550
0.946
1.331
1.087
1.745
1.153
1.155
2.715
1.291
1.698
1.179
1.118
1.267
1.115
0.970
1.263
2.305
2.531
1.063
0.929
1.428
1.110
1.291
1.949
1.453
1.262
1.851
1.685
1.252
0.951
2.367
1.033
1.216
1.365
1.659
1.092
1.216
1.353
1.365
1.264
1.901
1.445
0.989
1.282
1.165
0.889
1.068
2.106
1.599
1.470
1.884
1.685
1.703
1.301
1.486
1.741
1.396
1.932
2.668
1.845
1.432
1.736
1.607
1.515
1.062
1.394
1.881
1.283
1.049
0.941
1.053
0.975
1.831
1.456
1.859
1.605
1.399
1.577
1.206
1.204
1.584
1.558
1.888
1.020
1.264
1.001
1.621
1.383
1.408
1.275
1.085
1.237
1.167
1.393
1.564
1.160
1.202
0.863
1.141
0.783
0.736
2.185
1.075
1.830
1.286
1.221
1.310
1.746
1.475
1.412
1.153
0.902
1.466
1.873
1.743
1.571
1.712
1.294
1.028
1.142
2.403
0.821
0.979
1.419
0.962
1.178
1.950
0.859
0.758
1.358
1.144
1.124
1.164
0.806
0.807
0.770
0.758
2.371
1.468
1.440
1.420
1.357
1.037
1.730
3.900
1.275
1.154
1.105
1.362
1.071
1.628
1.793
1.044
1.201
1.324
1.123
1.910
1.637
1.223
1.727
1.564
1.028
1.262
0.999
1.706
2.348
1.321
1.418
1.681
1.741
1.076
1.407
0.877
1.053
1.153
1.399
1.108
1.017
2.075
1.891
1.482
0.968
0.805
1.283
1.075
0.850
0.888
2.060
1.056
1.395
1.181
0.976
1.443
1.537
1.128
1.957
1.162
2.177
1.041
1.892
2.279
2.751
1.370
2.518
1.595
2.066
1.059
0.984
0.907
1.871
2.919
1.462
1.320
1.451
1.631
1.292
1.176
1.416
1.585
2.052
1.063
1.147
1.837
1.249
1.629
1.156
1.435
1.322
1.887
1.540
1.481
1.093
1.402
1.690
1.603
1.062
1.119
2.407
1.150
2.322
2.215
1.481
1.522
1.673
1.452
1.203
1.018
1.749
1.010
1.285
1.184
0.752
1.039
1.522
0.968
1.216
1.122
1.013
1.214
1.050
1.069
1.053
0.563
3.145
1.166
1.280
1.275
2.603
1.253
0.985
1.028
0.970
1.120
1.879
1.567
0.739
0.734
1.001
1.299
1.250
3.634
1.807
1.174
0.934
0.753
0.836
0.704
2.460
1.596
1.406
2.158
1.150
1.308
1.296
1.471
1.567
0.950
2.323
1.360
0.922
0.912
0.843
1.134
1.762
1.305
0.943
1.206
0.864
1.041
0.819
1.259
1.075
0.929
0.539
0.686
0.704
2.099
0.985
1.318
1.999
1.144
0.746
1.064
0.762
0.931
0.966
0.744
1.597
2.012
1.795
0.785
1.150
1.457
1.213
1.458
1.069
1.059
1.123
0.601
1.228
0.653
1.022
0.620
0.810
1.137
1.649
1.920
0.833
2.116
1.056
0.846
0.989
1.127
1.002
2.932
0.895
1.601
2.647
1.940
1.637
1.134
1.277
1.033
1.161
1.967
0.834
0.769
1.764
0.994
2.209
1.563
1.978
1.597
1.198
1.163
0.928
1.978
1.029
0.917
0.940
0.729
1.560
1.157
1.444
1.477
1.231
1.766
1.063
1.342
1.159
1.229
0.631
1.234
0.770
2.209
1.884
1.021
1.270
1.257
0.920
1.220
1.215
1.284
1.162
1.971
1.245
1.321
0.714
1.277
1.891
2.404
1.238
1.447
1.434
2.985
1.615
2.066
1.136
1.557
1.104
1.508
1.487
2.060
1.531
1.328
1.534
0.979
0.763
1.616
1.381
1.176
0.929
1.143
0.867
0.929
0.905
1.006
1.557
1.207
1.680
1.252
1.530
0.825
1.138
0.896
1.532
1.576
0.931
0.974
1.006
0.585
1.249
0.532
1.014
0.651
1.309
0.682
1.016
0.872
0.997
1.428
2.732
1.753
1.245
2.658
1.350
1.778
0.790
0.768
0.777
0.655
0.893
1.268
4.283
2.455
1.172
1.127
1.154
0.804
1.268
0.690
1.216
1.235
0.787
0.851
1.243
1.214
1.266
1.050
0.940
1.005
1.040
0.638
0.932
1.601
0.726
0.668
1.185
1.215
1.187
1.360
1.238
0.937
1.835
1.464
1.660
0.665
0.976
0.989
1.892
0.905
2.990
2.036
1.041
1.017
1.070
0.829
0.735
0.726
0.851
1.542
0.987
0.646
0.660
1.094
0.858
0.656
0.705
0.746
1.173
0.734
1.446
0.996
0.747
0.782
1.193
1.184
0.692
0.779
0.890
1.043
0.998
1.002
0.933
1.650
0.836
0.912
0.852
1.363
0.995
1.838
1.214
1.117
1.029
0.989
1.406
1.305
1.135
1.868
1.027
0.690
0.699
0.849
1.576
1.341
1.193
1.107
1.882
1.101
0.852
0.751
0.843
0.925
0.639
1.588
0.465
0.848
0.745
0.996
0.765
0.778
0.799
0.787
0.897
0.880
0.825
0.774
0.814
0.734
0.916
0.931
0.956
0.940
0.828
0.837
0.711
0.488
0.822
0.682
0.820
0.506
0.426
0.449
0.816
0.813
0.738
0.810
1.616
1.062
0.937
1.410
0.765
0.828
0.532
0.522
0.676
0.456
1.013
0.496
0.762
0.582
0.745
1.277
1.620
0.741
0.524
0.837
1.065
0.617
1.450
0.623
0.693
1.208
0.942
0.464
0.440
0.505
0.874
1.034
0.950
1.210
0.492
0.535
1.439
2.120
0.701
0.784
0.868
1.908
0.502
0.620
1.014
0.496
0.633
0.475
0.477
1.050
0.578
0.498
0.401
0.393
0.945
0.936
1.383
1.318
2.275
1.549
1.228
2.198
1.365
1.914
1.396
0.943
2.030
1.300
1.060
1.623
1.689
1.197
1.562
1.363
0.786
1.384
0.693
1.830
2.023
1.023
1.313
0.990
1.319
1.715
0.939
1.383
1.089
0.904
1.199
0.801
0.825
0.727
1.017
2.601
0.935
2.408
1.866
1.597
1.566
1.166
1.385
1.360
1.224
1.653
1.460
1.982
1.333
1.496
1.094
1.194
1.302
2.649
1.965
1.277
1.938
1.232
1.290
2.335
0.677
1.359
0.656
0.991
1.294
1.087
0.978
0.904
0.627
1.076
1.230
1.246
1.248
0.990
0.696
0.849
0.656
1.006
1.271
1.135
1.075
1.226
0.918
0.656
0.697
1.770
1.137
4.241
1.854
2.292
1.849
3.500
1.736
1.558
1.994
1.738
1.408
1.892
1.307
2.011
1.776
3.413
1.297
1.335
1.259
2.369
1.206
1.647
1.091
1.583
1.769
1.014
1.134
1.017
1.740
1.218
1.090
2.579
1.659
2.165
1.810
2.306
1.972
1.601
2.012
1.759
1.810
3.241
2.103
1.801
1.234
1.468
1.559
1.891
1.989
1.640
1.323
1.274
2.158
2.585
1.196
2.297
1.992
2.167
1.343
2.482
3.203
4.318
2.751
2.259
2.656
2.152
2.634
4.041
2.645
2.923
4.587
2.978
3.929
2.297
3.760
1.934
1.845
1.914
1.614
5.828
3.676
2.571
3.050
1.203
2.598
1.244
4.502
3.063
2.376
1.557
2.766
2.148
1.811
1.645
2.649
3.542
2.770
1.624
2.742
1.930
2.488
2.939
2.295
3.357
4.553
2.826
1.557
2.218
2.288
2.649
1.572
2.513
2.957
2.581
2.295
2.848
2.125
2.463
2.590
2.580
2.155
1.285
2.434
1.720
2.363
4.039
2.461
4.266
1.357
2.200
2.058
1.858
2.374
2.158
1.865
1.752
1.766
1.692
2.979
3.400
2.587
1.573
2.324
1.911
1.959
1.693
1.570
2.979
3.506
3.455
3.066
2.456
1.889
1.969
1.317
0.985
1.620
2.050
1.636
1.563
3.103
1.884
2.119
2.546
2.671
1.617
2.895
1.534
1.363
1.411
1.540
1.942
2.406
1.605
1.508
1.643
2.492
2.277
1.466
1.601
1.908
1.939
1.404
1.352
2.303
2.002
2.113
2.094
3.467
2.056
1.459
1.641
2.630
2.535
1.766
1.945
2.130
1.618
1.807
3.351
1.188
2.230
1.285
1.241
1.590
1.111
1.344
2.597
2.267
1.231
2.697
3.358
2.459
2.614
2.246
2.284
2.836
2.327
2.885
2.260
2.749
1.741
1.995
1.355
2.395
1.831
1.581
2.318
2.036
2.177
1.970
1.976
3.226
1.949
2.115
1.476
1.488
1.714
1.797
1.721
1.462
1.822
1.706
1.010
2.654
2.481
2.184
2.174
1.863
1.575
1.856
1.461
1.718
1.132
1.790
1.577
1.741
1.287
1.417
1.172
2.641
2.119
7.384
2.841
2.078
2.599
2.129
2.078
1.787
1.888
2.013
1.435
2.319
1.838
1.531
1.607
1.798
1.295
2.689
2.006
3.480
2.709
3.270
1.490
1.543
3.590
2.233
1.769
1.966
2.678
1.536
1.766
0.963
1.145
1.252
1.979
1.832
0.777
1.680
2.072
2.082
1.442
1.563
1.512
1.733
1.907
2.152
1.742
1.676
1.677
1.646
2.989
1.672
1.726
1.242
2.049
2.618
3.053
1.891
2.288
1.673
2.591
0.988
1.137
0.897
2.171
1.759
2.569
1.690
1.290
2.137
2.300
2.152
1.197
1.685
1.124
0.663
2.184
0.460
2.171
0.753
2.430
2.048
2.073
1.865
1.880
0.933
0.816
1.567
0.582
1.419
1.683
1.470
1.712
1.138
1.064
2.489
1.605
1.410
1.220
1.190
0.940
1.785
1.609
1.238
2.343
1.972
1.078
0.890
0.847
0.998
1.811
0.497
1.673
1.991
2.415
1.604
1.497
1.346
2.214
1.975
1.771
1.924
1.467
1.352
2.515
3.096
1.946
1.570
1.507
1.507
2.191
1.346
1.175
1.576
1.367
2.538
2.376
2.135
2.189
1.986
1.764
2.063
1.869
1.709
2.490
1.891
1.647
1.995
0.741
1.919
1.414
1.580
2.456
1.544
2.307
2.447
1.439
1.828
1.459
1.639
1.435
1.457
1.266
1.894
1.775
1.945
1.394
1.544
1.434
1.885
2.803
1.601
1.936
1.193
2.049
0.890
1.028
0.772
1.687
1.527
1.129
1.433
1.135
0.647
1.892
1.148
1.448
0.978
4.563
2.456
2.681
5.419
2.727
1.804
2.288
2.187
2.239
3.555
3.026
1.835
1.827
1.510
1.989
1.285
0.949
1.895
1.962
1.679
3.363
4.927
1.541
2.220
1.692
2.085
1.501
2.110
1.419
1.399
1.441
1.731
1.564
1.638
1.289
0.602
2.085
0.863
0.801
0.634
6.089
2.258
3.080
2.044
3.306
2.593
1.950
2.645
1.561
3.039
1.962
1.976
3.168
1.559
1.617
4.059
5.468
3.457
2.579
2.296
1.784
1.621
1.536
1.158
1.973
1.525
1.358
2.436
2.453
5.668
2.594
2.491
2.031
7.296
4.546
3.004
2.826
3.448
2.363
3.159
2.708
2.676
1.724
1.841
2.371
3.127
2.161
1.445
4.312
2.919
1.628
1.577
3.079
1.578
3.382
3.633
2.056
1.881
2.806
3.468
2.287
2.135
1.517
1.801
1.825
1.907
2.449
1.736
1.846
2.958
2.554
1.640
2.127
1.571
1.466
1.779
1.680
2.091
5.713
2.136
1.681
2.291
2.763
1.502
2.634
1.771
1.256
2.080
1.688
1.164
1.719
1.958
1.801
2.560
2.185
1.813
1.696
1.785
1.437
2.288
1.265
1.932
1.054
1.956
1.530
2.246
1.523
1.387
1.250
1.247
0.991
2.257
1.209
1.256
1.581
2.188
0.992
1.592
1.482
1.521
2.524
2.463
1.002
0.943
0.771
1.099
1.495
1.149
0.814
1.952
2.157
2.734
1.925
1.297
1.729
1.104
0.988
1.178
1.162
1.802
0.803
0.984
1.255
1.227
1.285
1.016
1.441
1.845
0.515
0.523
1.487
0.953
1.547
1.150
0.473
1.709
1.589
1.696
1.666
1.590
1.337
1.116
0.745
1.233
1.973
1.839
1.285
1.098
2.433
1.951
1.161
2.108
1.533
1.614
1.767
1.646
1.483
2.053
1.340
1.548
1.750
1.909
1.261
1.619
1.928
1.789
1.414
1.446
1.394
1.929
1.702
1.155
1.051
1.253
1.033
1.792
1.959
2.948
1.555
1.482
1.459
0.980
1.219
1.211
1.219
0.857
0.884
1.188
1.860
1.961
1.317
1.712
1.467
1.644
1.383
1.662
1.685
1.409
1.611
1.418
1.037
1.654
1.302
1.047
1.209
1.552
1.234
1.476
0.946
1.304
1.373
1.058
0.969
1.287
1.535
0.934
1.377
1.414
1.062
1.048
0.859
1.071
0.379
0.403
0.717
11.538
2.120
1.607
1.552
1.254
1.427
1.801
5.704
4.948
1.719
4.728
4.719
3.705
4.065
2.371
1.449
4.400
2.432
2.490
1.829
1.399
2.156
1.897
2.177
2.185
2.253
2.041
1.507
2.238
1.201
1.837
2.172
1.011
4.806
1.713
3.720
1.660
1.793
1.887
1.778
2.322
1.561
1.365
1.885
1.683
4.353
2.128
2.122
1.664
1.489
2.077
1.728
1.442
1.347
1.549
1.473
4.365
3.172
3.933
2.424
3.424
3.874
2.713
2.084
1.385
1.360
1.347
1.261
1.411
1.171
1.314
1.245
1.587
1.127
1.152
1.913
3.274
1.397
1.894
3.811
1.545
2.290
1.669
2.842
2.425
1.993
3.584
2.090
2.610
2.051
1.607
5.356
4.118
2.622
1.675
2.429
3.781
1.789
2.087
1.596
3.024
1.079
1.742
1.255
2.979
2.017
1.173
1.773
1.692
4.714
4.659
4.114
1.594
1.269
1.237
1.529
1.097
1.306
1.118
2.576
2.037
4.059
2.138
1.985
2.209
3.613
3.984
2.902
3.340
3.356
1.407
1.357
3.460
2.517
1.036
1.153
1.197
2.272
2.025
1.407
1.902
3.492
2.615
2.143
0.609
2.462
1.382
0.737
1.273
1.333
3.525
1.612
1.195
1.097
1.678
1.467
0.808
0.929
1.950
2.247
0.574
0.595
0.679
2.506
1.623
1.432
0.694
1.143
0.674
2.122
0.688
0.582
0.768
0.466
1.138
0.408
0.725
0.988
1.113
0.924
1.397
0.855
0.939
1.320
2.796
1.589
0.902
1.230
1.983
1.082
0.850
1.200
1.177
1.435
1.280
1.363
1.086
1.375
1.294
2.165
0.996
1.085
2.037
1.653
1.228
1.041
2.013
1.501
0.969
1.211
1.400
0.948
0.979
1.580
1.612
1.529
1.333
1.529
0.826
1.451
1.205
1.214
1.248
2.103
1.512
1.389
1.186
1.954
1.194
0.861
1.004
1.064
1.801
1.319
1.017
2.123
1.823
2.113
1.533
1.520
1.446
1.408
0.873
0.907
1.262
1.095
2.112
1.738
0.740
0.815
0.747
0.662
0.799
0.652
1.073
1.571
0.547
1.066
2.172
0.793
1.462
2.000
1.148
1.279
1.905
1.444
1.538
2.067
1.153
0.911
0.990
1.336
0.993
2.606
1.040
1.055
2.466
0.916
0.359
0.410
3.283
0.413
0.728
0.693
1.736
1.330
0.390
0.442
1.087
0.397
0.697
1.043
0.600
0.695
2.874
1.818
1.269
1.133
4.854
2.371
0.646
3.792
1.458
2.709
1.173
2.751
2.043
1.437
1.348
2.934
1.117
1.907
2.048
1.954
1.037
0.617
2.453
2.499
2.059
2.462
1.082
0.947
0.979
1.009
1.851
0.772
0.884
2.236
0.611
0.875
1.991
1.130
0.847
1.653
0.691
1.845
1.611
2.428
1.670
1.885
1.285
1.601
1.252
1.608
3.094
1.916
1.940
1.823
3.016
1.797
1.802
2.514
1.926
2.282
3.145
2.367
2.563
2.875
2.218
6.258
2.960
2.407
2.301
1.712
0.897
2.113
1.956
1.650
1.074
1.329
1.775
3.098
2.051
3.876
1.730
2.438
2.246
1.860
1.403
1.219
1.404
2.957
0.522
1.572
2.268
1.215
1.712
0.950
1.041
1.042
1.245
0.924
0.611
1.694
1.072
0.596
1.111
2.067
0.565
1.871
1.273
1.155
1.893
1.902
2.864
0.992
1.174
1.567
2.415
1.105
3.234
1.611
2.109
1.394
2.250
1.863
1.656
2.143
1.484
1.898
1.448
1.247
0.555
1.575
1.510
1.837
1.146
0.907
2.178
1.206
1.287
1.323
1.610
1.551
1.605
1.753
2.196
2.593
2.030
2.162
2.565
3.045
2.342
2.303
1.748
2.408
2.778
2.206
2.896
1.296
1.308
1.190
2.015
2.951
0.998
0.893
1.650
1.289
1.954
1.684
1.047
1.111
1.135
1.653
1.038
0.766
0.897
0.775
3.861
2.334
1.242
1.212
1.736
0.952
1.114
0.854
0.757
0.905
2.324
1.974
1.529
2.208
2.156
0.955
1.238
1.529
1.969
2.126
1.264
2.572
1.235
0.959
0.894
2.478
1.308
1.303
0.834
0.827
1.157
0.982
2.252
2.656
1.880
3.592
1.705
1.340
1.327
3.070
1.145
1.583
1.241
1.016
1.986
2.007
1.493
2.206
1.602
0.952
0.826
0.845
2.962
1.310
1.118
1.162
1.130
1.364
0.855
2.276
3.274
2.670
1.841
2.036
1.369
1.431
2.011
3.296
2.366
2.445
2.726
1.965
1.969
1.129
1.806
2.253
1.501
1.632
1.642
1.324
2.099
2.429
1.540
2.002
2.304
1.492
1.581
3.185
2.827
1.876
1.843
3.092
2.029
2.099
1.548
1.771
0.904
1.486
1.678
1.416
0.871
2.590
1.245
2.073
2.532
1.317
2.444
1.434
2.836
1.653
0.814
1.275
0.825
1.921
2.149
2.717
1.038
1.763
0.783
2.019
0.803
1.546
1.660
1.144
1.757
1.274
1.716
0.988
0.809
1.542
0.608
0.905
2.482
1.864
2.229
2.242
1.305
1.347
0.772
1.583
1.170
1.497
2.601
2.373
1.823
1.090
1.399
1.295
0.892
0.980
0.968
0.889
1.088
1.299
1.093
0.748
0.819
2.059
1.437
0.733
2.149
2.370
1.044
4.507
2.507
0.959
1.556
1.687
2.056
2.245
1.155
1.620
1.139
1.080
3.644
1.040
1.420
2.307
2.350
1.369
1.252
1.169
1.415
2.074
4.237
2.107
1.413
1.261
1.889
1.648
1.343
1.284
1.429
0.836
0.727
0.888
1.415
0.834
0.770
2.964
2.981
1.196
1.104
0.836
0.955
1.153
1.018
2.806
2.308
3.373
2.477
2.231
3.305
5.148
1.516
2.689
2.378
0.884
0.892
1.008
2.656
1.539
0.824
2.984
2.230
2.510
0.775
2.257
2.072
2.180
2.729
1.290
1.880
2.535
3.802
2.380
2.584
0.926
1.236
2.150
0.795
2.989
2.702
1.333
3.026
1.027
2.562
0.964
1.340
2.024
2.329
2.142
1.979
2.453
2.419
2.693
3.323
2.627
1.548
1.779
1.582
1.511
4.032
3.654
3.735
1.393
2.609
2.397
2.495
2.593
2.234
1.767
2.957
2.677
2.164
1.536
1.285
1.406
1.370
2.862
3.101
3.339
1.454
1.795
3.335
1.721
2.300
4.142
1.567
1.516
2.646
1.211
4.632
2.864
4.798
1.410
2.385
2.766
3.398
3.067
1.566
0.278
3.184
3.649
3.395
2.612
2.243
3.272
4.063
3.034
3.271
2.771
1.127
2.487
1.758
0.943
1.949
4.161
3.758
2.211
2.211
1.860
1.651
2.069
1.999
2.228
1.493
2.729
1.690
2.769
2.297
3.185
1.652
2.571
3.692
2.929
1.896
2.122
1.642
2.177
2.478
1.314
2.382
2.363
2.004
1.917
1.662
4.134
3.670
3.482
2.475
4.675
4.474
1.769
2.112
1.191
2.576
2.186
3.498
1.570
2.199
1.456
1.333
1.648
2.490
1.278
1.374
0.851
1.844
3.562
2.916
2.128
2.194
2.487
1.155
2.573
1.411
2.126
2.240
1.193
1.227
1.569
1.437
3.208
1.345
1.004
1.499
1.512
1.049
0.799
1.181
1.110
1.020
1.103
2.911
1.145
0.745
3.284
2.366
1.676
0.886
0.714
0.637
2.932
2.313
3.008
2.400
3.277
1.779
1.357
1.183
1.182
0.886
1.453
1.764
1.979
3.132
2.024
2.281
1.412
1.211
1.442
1.316
1.011
3.184
3.687
1.962
1.303
1.259
1.123
0.975
1.023
0.877
1.473
0.936
0.931
0.962
1.982
1.948
1.118
2.479
3.203
6.737
1.944
1.881
5.721
2.070
1.112
2.299
4.201
1.499
1.510
2.441
0.989
3.134
2.037
0.825
1.284
1.120
0.740
2.463
2.681
0.716
1.447
1.004
1.151
1.060
2.041
0.682
1.274
1.191
0.631
0.682
2.253
2.101
1.775
2.580
1.097
2.839
1.115
0.991
1.011
0.902
0.959
0.853
0.620
0.753
2.307
1.190
1.904
0.889
1.821
1.204
1.449
1.103
2.600
2.896
2.266
4.315
3.886
1.735
2.551
3.806
3.441
3.128
1.485
2.702
2.004
2.414
2.575
2.309
1.745
2.254
2.553
1.152
1.728
1.548
2.440
1.614
2.665
2.333
1.536
1.677
2.138
1.483
3.177
2.618
3.039
2.541
2.690
1.802
3.058
1.599
2.570
2.646
1.756
2.445
2.113
1.968
1.965
3.757
3.294
2.498
3.048
1.650
1.142
1.948
2.285
1.411
1.639
2.008
2.560
1.848
2.374
2.272
1.923
1.596
2.081
1.648
2.067
2.801
1.563
1.775
1.836
2.337
1.466
1.803
1.502
1.729
2.572
1.441
1.943
1.543
2.112
1.818
2.064
2.340
1.902
0.919
1.923
1.950
2.719
2.043
1.467
1.875
2.388
4.842
3.947
2.178
1.922
2.327
1.743
1.141
1.771
0.824
3.992
2.556
2.929
1.579
1.339
2.055
1.512
3.277
2.357
1.935
2.147
1.660
1.407
3.554
1.483
1.849
1.249
3.298
1.457
1.958
1.468
1.357
2.375
1.656
1.840
1.583
1.020
3.961
1.538
2.328
2.248
1.612
1.438
1.322
1.229
1.455
1.188
0.854
1.734
1.843
1.111
1.270
1.427
1.652
2.672
1.390
1.149
1.215
1.331
0.895
2.159
3.048
1.701
1.005
1.936
1.240
1.979
3.737
1.370
2.853
0.984
2.276
2.312
2.056
2.511
1.996
1.974
2.287
1.010
2.184
1.152
1.278
0.948
1.332
1.451
0.867
1.079
2.152
1.354
1.282
1.595
2.968
0.903
2.368
2.450
1.782
0.441
0.549
1.343
1.048
1.616
1.487
0.881
1.615
1.125
1.017
1.082
1.579
1.991
1.622
1.336
2.008
1.744
1.689
1.359
1.280
1.209
1.890
1.220
1.318
1.773
1.559
1.340
1.611
2.014
1.250
1.798
1.250
1.414
2.496
1.071
1.147
0.935
1.657
1.230
1.235
1.389
0.932
1.607
0.835
1.314
1.486
3.470
2.689
1.593
0.895
1.578
2.024
1.615
0.966
2.058
1.734
1.729
2.207
2.297
1.093
1.825
1.963
1.730
1.141
1.678
1.627
1.549
1.077
3.638
1.246
0.846
1.180
1.065
1.165
1.698
0.807
0.937
1.443
1.853
2.086
4.429
1.186
2.902
1.232
2.834
2.285
2.553
1.132
4.144
1.029
1.034
2.769
0.957
1.176
0.872
1.237
0.796
0.688
1.018
3.126
0.810
3.191
2.463
1.851
1.856
1.469
2.967
1.727
1.889
1.611
1.433
1.622
1.678
0.968
1.567
2.864
2.654
2.635
2.260
3.628
2.686
3.329
2.874
2.908
2.249
2.612
2.866
3.743
3.038
2.362
2.383
4.104
2.279
3.031
2.253
1.461
1.740
1.976
1.713
1.066
1.164
2.335
1.907
2.188
1.668
1.560
1.036
3.105
1.572
1.587
2.565
1.493
1.746
2.815
2.373
1.028
1.893
2.426
1.300
2.162
0.809
1.268
1.457
1.862
1.738
2.763
1.326
1.169
1.001
1.250
0.963
0.681
0.878
1.868
1.863
1.253
3.069
2.519
2.452
1.190
0.974
1.022
1.268
1.193
1.008
1.481
0.967
0.863
2.731
1.977
2.512
1.746
2.613
2.252
1.419
1.588
1.260
2.076
2.947
1.908
1.462
1.675
1.208
1.246
1.582
1.058
0.994
3.378
1.085
1.186
0.889
1.144
1.090
0.845
1.159
0.838
1.239
1.333
1.159
1.682
2.596
3.036
1.167
1.173
0.922
0.769
1.330
0.973
1.009
2.255
2.265
2.318
1.205
2.946
1.970
1.508
2.064
1.767
1.034
1.272
2.740
1.901
1.797
4.244
2.013
1.700
1.958
2.167
2.928
1.892
1.360
0.963
2.862
2.380
2.040
1.607
1.419
2.253
0.807
0.911
1.064
0.643
1.505
2.286
1.498
2.618
1.415
1.764
1.170
1.535
1.715
1.301
1.049
1.469
1.493
2.190
0.976
1.036
1.950
0.824
1.463
2.289
0.626
1.572
1.794
1.363
0.868
0.844
1.316
0.660
0.946
0.605
1.092
0.786
1.339
1.566
0.962
1.329
1.460
0.848
0.869
2.405
1.713
1.585
0.645
1.507
0.986
1.658
0.964
0.777
2.006
1.021
2.302
0.744
0.978
2.152
3.050
0.809
1.045
0.886
2.034
1.021
0.792
0.666
0.655
1.163
0.684
1.055
1.023
0.889
1.396
0.750
0.765
1.886
1.383
0.637
0.749
1.381
0.513
2.371
2.085
2.055
0.986
0.622
1.255
0.818
0.834
0.570
0.620
0.644
1.788
0.567
1.043
0.940
0.719
0.750
0.665
0.816
3.460
2.490
0.703
1.747
0.565
1.494
0.953
2.020
2.540
2.245
1.808
3.213
2.237
2.593
0.841
1.199
1.039
1.001
0.876
1.143
0.882
3.237
1.978
2.047
2.358
2.267
2.131
1.936
1.406
2.643
1.751
1.503
1.194
0.994
1.108
0.728
0.872
2.058
2.277
2.270
1.760
2.074
1.625
1.441
1.867
2.105
1.670
0.941
2.261
1.297
1.868
2.424
1.430
1.466
1.708
0.946
1.018
0.967
1.006
0.655
0.669
0.685
1.495
2.254
1.298
0.922
1.391
1.480
1.128
1.006
0.882
1.436
0.870
2.574
0.816
0.892
4.001
2.913
0.797
2.070
2.608
2.658
1.230
0.720
2.369
1.177
0.907
2.542
2.405
1.886
2.099
1.912
3.228
1.528
1.475
1.880
1.267
2.048
0.936
1.545
1.556
1.659
2.074
0.815
2.482
1.073
2.084
4.022
1.807
0.820
3.038
1.001
1.591
0.967
0.591
3.606
1.977
2.533
2.241
1.856
2.898
0.635
1.307
0.607
1.322
1.465
1.832
2.335
0.644
2.986
2.015
1.946
1.772
0.809
2.070
1.545
2.173
1.242
0.880
0.910
0.946
0.646
1.081
2.098
0.948
0.786
1.141
0.652
0.534
0.601
2.572
0.643
1.793
1.578
0.624
1.744
1.205
0.908
1.340
0.635
1.025
0.844
1.152
0.795
0.852
0.580
0.888
0.644
0.533
0.618
1.722
1.642
2.035
1.724
1.535
1.664
1.122
1.182
1.294
1.056
1.158
1.014
1.191
0.986
1.471
3.948
4.382
3.491
1.432
0.891
3.060
3.044
5.979
4.942
2.299
2.804
2.455
4.868
1.918
2.424
5.705
0.911
1.802
1.819
2.730
3.052
2.544
2.509
2.476
2.364
1.198
2.404
1.224
3.441
1.177
1.089
2.558
1.087
1.916
1.873
2.216
1.201
1.439
1.954
1.763
0.943
1.228
2.630
0.890
1.009
3.042
2.069
2.563
2.797
0.925
0.814
1.972
1.904
1.653
1.946
1.443
0.942
3.089
3.430
2.609
2.472
3.247
3.102
2.731
2.662
3.006
2.106
3.358
2.993
2.018
2.792
2.487
1.123
2.313
2.226
2.425
0.812
1.265
3.260
2.416
1.745
1.168
1.348
1.142
2.002
2.021
1.013
2.326
1.631
2.403
1.368
1.895
2.060
1.241
1.119
1.588
1.222
2.095
1.456
0.940
2.880
1.234
2.121
1.608
1.001
3.036
1.566
2.430
1.890
2.574
1.174
1.183
2.365
1.600
0.787
1.010
2.016
1.351
1.786
1.163
3.089
2.004
1.022
2.378
6.888
1.014
7.164
4.254
0.824
3.377
1.402
1.276
1.617
1.970
1.951
3.788
1.009
0.865
0.902
0.767
3.990
2.147
1.434
2.629
0.925
1.580
0.850
0.841
2.237
4.231
1.625
2.388
2.511
1.649
1.442
2.823
1.511
1.867
1.181
1.158
2.042
1.236
2.133
2.500
1.548
2.149
1.167
1.075
0.783
1.630
0.992
2.333
2.930
2.621
0.678
0.812
2.664
0.857
2.022
0.927
1.258
2.518
2.187
3.865
3.191
2.393
2.726
0.984
0.784
2.827
0.658
0.932
2.848
1.676
1.691
2.448
1.856
2.050
1.971
1.951
0.834
1.571
1.317
1.775
1.979
1.211
1.481
1.199
1.214
2.197
2.025
2.343
1.981
1.723
1.948
0.921
1.865
0.981
1.422
0.745
1.372
1.112
1.042
2.019
1.243
1.177
1.888
1.255
0.636
2.207
2.424
0.847
1.224
1.243
1.512
0.848
2.133
1.697
1.089
0.848
1.698
1.511
1.129
3.094
0.952
0.564
1.909
2.198
1.639
1.375
1.466
2.402
1.890
0.884
1.722
1.014
0.956
1.124
1.649
0.638
0.874
0.880
0.910
1.353
0.619
1.389
0.897
1.828
2.832
2.382
0.709
1.075
0.648
1.999
1.074
0.899
0.935
1.971
2.345
1.391
1.143
2.282
0.838
1.319
0.829
1.365
0.956
1.081
0.601
0.695
0.831
1.785
2.241
1.420
0.944
1.535
0.652
1.283
1.503
1.298
0.633
4.194
3.130
0.661
1.297
1.281
1.058
0.725
0.723
1.736
0.579
2.259
0.624
2.782
0.613
0.538
3.030
3.067
2.136
1.904
5.671
3.503
2.900
4.524
3.409
2.995
1.715
5.623
3.655
2.364
1.753
1.566
2.675
1.354
2.387
1.338
1.843
1.878
4.121
2.801
1.342
2.205
1.818
1.237
1.730
1.955
2.019
1.775
4.119
2.460
1.270
1.510
3.189
1.838
1.564
2.151
1.315
1.410
1.234
2.252
1.069
1.508
2.700
1.514
3.159
2.860
3.210
1.504
1.057
1.765
1.620
3.671
1.584
1.245
1.454
1.192
2.218
1.206
1.395
4.508
2.642
2.332
1.422
1.042
1.212
0.685
3.163
2.035
3.173
1.800
2.241
3.057
2.213
2.955
1.266
3.520
2.453
2.260
0.890
1.501
1.649
0.506
1.693
1.606
1.364
2.359
2.578
1.298
2.527
0.880
2.178
1.401
0.688
0.610
0.948
0.548
1.306
2.643
1.364
1.686
1.340
2.250
1.950
1.912
1.911
2.222
1.796
3.419
2.599
1.964
2.426
2.043
1.685
1.888
1.530
1.527
1.726
1.912
1.459
1.339
1.624
1.229
1.697
1.609
3.089
2.029
1.557
1.240
4.292
2.264
1.765
0.677
2.686
0.573
1.633
0.838
0.676
1.640
3.220
1.594
1.882
2.307
2.133
1.521
3.463
2.704
1.315
0.983
1.317
1.415
1.414
1.831
0.841
1.136
0.625
0.730
1.539
1.749
1.082
1.656
1.895
2.098
2.489
1.589
1.643
1.706
1.702
1.681
2.039
2.045
1.314
1.094
1.193
1.487
0.927
1.319
0.836
0.955
1.150
2.561
1.940
1.268
0.695
0.739
0.783
0.743
2.083
1.627
1.636
1.903
1.136
1.717
0.662
1.160
1.263
0.789
0.778
1.377
0.938
0.867
1.433
0.633
1.084
0.853
1.739
0.865
1.148
0.729
0.842
1.594
0.585
0.542
0.619
0.601
1.644
0.733
0.725
0.709
0.691
0.719
3.197
0.682
1.916
1.572
4.089
1.706
1.844
1.696
3.079
2.295
2.084
1.289
2.475
1.963
2.279
2.152
1.733
1.156
2.935
2.297
1.623
1.387
1.077
1.958
1.165
1.088
1.026
4.907
2.173
1.956
2.216
3.372
2.868
2.324
1.587
1.555
2.319
2.445
1.551
1.909
1.117
2.026
1.645
2.010
2.313
2.350
1.161
2.757
1.970
3.194
2.816
1.626
1.199
2.170
1.837
1.084
1.828
2.431
2.193
2.312
2.918
1.887
5.332
3.406
1.859
2.312
2.233
2.174
2.577
2.711
2.022
1.398
2.036
2.847
2.451
2.045
2.186
1.935
2.128
1.856
1.597
2.460
1.365
1.919
2.379
2.394
1.611
1.339
0.797
3.657
2.878
2.601
2.773
1.384
2.544
1.694
1.412
2.395
1.126
2.048
2.231
2.763
1.327
2.410
1.626
3.549
3.484
1.235
2.504
3.162
3.774
2.786
2.930
4.469
3.421
2.884
2.769
1.913
1.820
3.124
1.957
2.981
3.040
3.122
2.526
2.135
1.562
2.353
2.540
2.024
1.923
2.089
1.733
3.178
1.919
1.405
2.544
2.646
4.827
2.616
2.624
9.110
2.578
2.821
2.565
3.326
2.475
1.959
2.874
2.597
2.766
2.147
2.087
2.478
2.746
2.468
2.207
2.577
2.452
1.912
1.717
1.750
1.838
1.918
1.527
1.778
1.678
3.329
5.097
3.471
4.145
4.133
3.394
3.939
2.802
1.488
3.768
2.703
2.354
2.818
2.554
2.734
1.975
2.376
1.941
2.530
2.820
1.910
1.787
3.307
2.128
2.958
3.789
2.517
4.528
2.866
4.312
1.725
2.578
1.688
1.910
8.424
3.493
2.526
2.625
2.921
2.471
2.360
1.823
2.405
2.156
2.013
3.643
4.081
3.521
2.843
3.812
2.676
2.325
2.741
2.343
1.680
1.807
1.483
3.217
2.416
1.741
2.978
2.661
1.809
1.510
0.926
1.258
1.324
1.543
2.481
2.269
2.370
3.463
2.609
2.687
3.570
2.442
2.082
2.923
2.704
2.875
2.896
2.167
4.993
5.327
3.884
3.641
3.970
3.006
8.887
4.267
3.297
3.834
3.731
2.558
2.577
3.025
3.101
3.481
2.800
2.040
4.143
2.522
2.316
2.860
3.027
2.407
1.957
2.600
2.344
2.314
2.927
2.167
2.274
3.325
2.013
1.942
2.979
2.881
2.420
4.039
2.776
3.223
2.159
2.135
1.414
7.558
5.786
3.473
3.470
2.959
2.410
3.018
3.331
2.602
3.280
3.425
2.850
1.583
3.247
3.408
2.193
2.861
2.041
1.721
2.682
2.877
1.862
1.752
2.034
1.719
1.720
1.378
1.409
3.501
3.337
4.292
3.002
1.709
2.818
2.597
2.178
1.434
1.703
2.092
1.607
1.382
1.637
1.435
1.264
1.293
1.500
1.466
1.597
1.143
1.727
1.750
2.057
1.075
1.999
1.522
2.460
1.674
2.917
3.523
2.819
2.738
3.368
3.815
3.835
2.298
1.887
2.677
2.138
2.413
2.661
2.530
2.635
3.194
2.418
2.111
1.759
2.204
2.812
1.261
2.129
1.558
1.465
2.089
1.203
1.724
1.958
1.433
3.952
2.223
2.064
1.770
1.494
1.440
3.527
2.068
1.514
2.933
5.463
2.298
2.065
3.936
2.789
2.519
1.755
1.228
1.665
1.260
1.119
1.530
2.224
1.331
1.382
1.355
1.865
1.230
1.124
1.444
0.860
4.513
5.413
1.640
3.505
3.355
3.546
3.331
3.049
2.974
2.989
2.615
2.324
3.048
2.095
2.481
2.419
2.853
4.032
3.596
3.311
2.603
2.248
4.773
3.462
2.087
2.224
1.504
2.587
3.111
4.891
3.923
2.468
2.034
1.322
2.769
2.285
2.247
2.039
2.087
2.564
1.694
2.618
1.467
2.282
1.822
2.140
2.399
1.543
2.215
1.945
2.830
1.985
1.245
1.472
2.244
1.540
3.249
1.859
1.633
1.799
1.502
3.432
2.422
2.199
1.765
1.413
1.804
2.098
1.888
1.566
1.202
1.643
2.018
2.796
5.464
2.128
2.183
1.570
1.177
4.409
1.625
3.150
1.919
1.752
1.678
2.789
2.272
2.459
1.909
1.931
2.191
1.365
1.775
1.782
1.577
1.772
3.073
3.739
1.486
1.640
1.356
1.226
3.614
3.964
3.024
1.878
1.386
2.846
1.270
1.610
2.712
1.098
2.318
3.128
1.277
2.745
4.723
3.486
1.899
2.566
3.158
1.971
1.488
2.255
1.682
1.983
2.876
1.447
1.516
1.079
2.408
1.225
2.282
1.586
1.333
2.795
1.713
1.032
2.143
1.173
1.647
1.744
0.983
1.904
2.198
1.856
2.772
3.669
2.138
1.441
2.424
1.427
1.690
2.304
3.856
2.180
0.993
1.509
3.169
2.831
0.997
1.275
1.125
3.017
2.711
1.370
1.709
1.398
1.705
1.194
2.815
1.351
1.043
1.112
1.577
1.458
1.896
2.242
1.319
0.990
1.079
1.044
0.919
1.134
1.581
0.967
0.776
1.602
0.936
1.473
0.737
0.981
0.787
0.832
1.306
2.496
2.008
2.138
1.794
1.380
1.241
3.194
1.136
1.537
2.765
2.534
1.335
1.799
2.644
1.920
1.480
3.087
3.696
2.412
1.410
2.455
2.477
2.321
1.880
2.369
2.230
1.774
1.748
1.580
2.788
1.906
2.773
1.422
1.845
2.300
1.666
1.332
1.051
1.642
1.264
1.668
2.220
2.091
1.926
2.510
2.130
1.502
0.980
2.411
2.765
1.769
0.943
1.001
0.994
1.078
1.995
2.741
1.538
1.840
2.025
0.943
1.077
1.244
1.669
1.388
0.767
1.422
1.181
1.363
1.179
1.444
1.755
1.809
1.278
1.351
1.881
1.033
2.399
1.775
3.064
2.008
3.706
3.267
1.582
1.654
1.972
2.342
2.529
1.156
2.467
1.999
3.092
1.065
1.841
1.532
2.445
1.943
4.384
1.675
2.113
3.964
1.847
1.929
1.627
2.639
2.078
2.013
1.355
1.383
1.943
2.054
1.850
1.377
1.277
1.425
2.689
3.025
3.945
2.350
3.034
1.178
2.451
2.174
1.801
1.889
1.759
1.578
3.409
3.124
2.492
0.863
1.984
2.235
1.972
1.622
2.549
2.802
2.844
2.722
1.924
1.611
2.395
1.066
0.951
2.961
2.820
2.457
2.044
1.737
1.370
2.067
1.171
1.050
1.618
1.158
1.866
1.941
3.487
1.566
1.204
2.592
2.154
0.878
2.143
1.150
2.779
3.174
2.537
1.886
2.665
3.506
2.136
2.292
2.726
1.770
2.835
2.035
2.056
1.108
0.774
1.311
2.628
1.473
1.945
2.719
2.605
2.883
1.869
2.160
1.753
3.006
1.918
1.194
1.784
3.093
2.030
2.155
2.772
2.941
2.532
2.336
2.448
2.424
2.237
1.868
1.798
2.366
2.224
1.345
1.000
2.206
0.821
2.263
2.410
1.779
2.162
1.893
1.711
1.766
1.065
1.602
0.852
1.306
0.779
1.412
1.104
2.756
2.003
2.071
2.211
2.129
0.871
1.386
1.469
1.596
2.793
2.182
2.018
3.586
2.279
1.525
1.558
2.215
2.395
4.924
1.473
1.980
2.121
2.162
1.511
1.565
1.693
2.236
1.821
4.546
1.134
2.503
3.020
0.810
1.906
1.228
1.349
1.711
1.037
1.532
1.935
1.256
2.076
1.396
1.917
1.092
1.874
1.018
1.700
1.309
2.356
1.954
2.143
5.148
2.694
1.798
2.314
2.506
2.042
2.704
1.496
2.701
1.895
2.192
4.311
1.804
2.103
1.657
1.731
1.279
2.629
2.844
1.921
1.038
1.889
1.426
2.060
1.307
3.034
0.867
2.954
0.800
2.297
1.067
0.920
1.443
2.221
0.770
2.516
1.670
2.096
3.283
2.356
0.930
0.711
0.938
1.737
1.598
1.741
0.557
0.653
0.922
1.191
1.573
1.537
1.956
1.979
1.474
3.006
2.167
2.295
2.069
2.086
1.592
2.856
1.508
1.209
2.274
1.902
1.077
1.386
1.433
1.132
1.029
1.521
1.024
1.333
1.640
1.782
1.488
1.298
0.831
0.680
1.271
1.004
0.689
1.627
0.688
0.556
2.739
1.054
1.122
1.502
1.192
0.631
3.892
1.778
2.501
1.928
1.569
3.324
1.923
2.264
1.375
1.971
1.809
1.629
2.216
2.458
2.034
2.081
2.535
2.120
1.918
1.819
2.079
1.541
1.353
1.675
1.958
2.185
2.165
1.603
1.880
2.651
1.974
1.980
1.129
1.805
1.427
1.585
1.368
3.245
2.758
3.069
2.394
2.586
3.933
2.127
2.377
2.547
3.550
3.629
1.559
1.382
1.887
1.927
1.805
3.089
1.051
2.283
2.124
3.379
1.806
3.605
1.925
1.659
1.623
2.277
1.508
1.993
1.536
1.274
1.681
1.123
2.921
2.614
2.070
1.931
1.489
3.050
1.578
2.377
1.163
1.791
1.914
1.940
2.698
0.986
2.556
2.521
1.801
2.103
1.036
1.406
1.190
1.181
1.012
3.080
1.725
1.511
2.500
1.784
1.118
1.483
1.769
2.808
1.546
2.557
2.210
2.030
1.656
2.083
2.777
2.353
1.404
2.752
1.123
0.801
1.601
2.004
1.486
2.297
1.646
1.791
1.496
2.363
1.148
1.010
0.826
2.446
4.938
2.170
3.756
2.274
3.308
2.522
2.955
1.543
1.155
2.073
1.902
1.723
1.752
2.604
1.238
1.848
1.788
2.098
1.362
4.383
3.310
2.590
2.714
2.732
1.677
1.498
1.901
2.191
2.274
1.912
1.962
2.903
1.802
1.958
2.535
1.313
1.462
2.326
1.989
2.245
1.532
1.877
1.488
2.413
1.544
0.984
2.704
2.709
2.459
2.008
5.089
1.983
1.534
2.958
1.947
1.824
1.285
1.808
1.110
2.046
2.464
0.989
3.059
2.167
1.758
1.369
1.739
2.770
1.219
0.804
2.385
2.617
3.202
3.092
2.626
1.905
3.589
1.367
2.584
1.889
1.337
1.343
2.808
1.679
2.354
1.023
1.844
1.223
1.040
2.295
2.387
1.784
1.814
2.819
2.387
1.759
2.243
2.042
1.885
2.332
1.737
1.853
1.281
2.664
1.682
2.191
1.714
0.983
1.130
1.462
2.156
1.309
2.211
0.846
2.027
1.651
1.377
1.095
1.207
1.497
1.114
1.093
0.706
1.868
1.825
1.205
1.142
1.424
2.026
1.771
2.051
1.563
1.288
1.420
1.024
1.163
1.114
0.911
1.550
1.527
1.062
1.054
1.285
1.184
1.361
0.806
1.173
0.838
1.865
1.883
1.395
1.276
1.633
1.106
1.371
1.573
0.896
0.779
0.600
2.775
1.094
1.136
1.395
3.326
0.745
0.554
1.099
1.502
2.033
1.723
1.725
1.337
1.792
1.478
1.000
1.370
1.425
0.969
1.459
1.675
0.880
1.067
1.134
1.682
1.523
1.765
1.241
1.244
1.409
1.210
1.242
1.321
1.287
1.049
0.923
1.396
1.324
1.819
1.394
1.578
1.518
1.567
1.757
1.460
2.058
1.429
1.526
1.053
1.191
1.021
2.735
1.799
1.204
1.149
1.741
1.600
0.940
0.947
0.907
0.798
1.966
1.497
1.453
1.651
1.799
1.435
1.428
1.383
1.165
1.266
2.045
1.572
1.667
1.338
1.518
1.796
1.383
1.336
1.228
1.150
1.268
1.345
1.297
0.977
1.169
0.989
1.171
1.055
0.919
0.890
1.026
1.097
1.218
0.812
1.450
1.991
1.258
0.535
0.630
1.000
0.982
1.133
1.220
1.072
0.945
0.762
1.037
1.187
0.968
0.868
1.032
1.674
1.265
0.974
1.299
1.295
2.239
0.971
1.231
1.831
1.803
1.223
1.225
1.051
1.164
1.346
1.312
1.123
1.133
2.335
0.426
2.054
1.107
1.163
1.655
2.055
1.076
1.023
1.742
1.275
1.570
1.166
1.174
1.328
1.305
1.017
0.947
1.962
1.441
2.185
0.538
1.088
1.012
1.300
1.429
1.152
0.867
0.963
1.231
1.149
0.830
2.353
0.958
1.577
1.154
1.638
1.494
1.356
1.303
1.081
1.342
0.713
1.057
0.642
0.682
0.398
0.419
0.436
0.949
0.841
0.719
0.479
4.426
2.268
2.805
1.615
2.012
1.823
1.859
2.267
2.111
0.900
2.676
2.256
1.457
1.604
3.422
4.322
3.199
3.023
2.392
3.596
3.325
3.253
3.139
2.466
4.125
1.756
2.123
3.119
2.194
2.110
2.094
1.179
2.487
3.873
3.938
3.192
2.367
2.848
1.641
1.869
1.227
1.881
1.866
2.258
1.978
1.216
1.904
1.603
1.057
0.985
1.826
2.376
1.564
1.367
1.702
3.102
2.677
2.249
